timestamp,rotation,northRay,northwestRay,northeastRay,eastRay,southRay,westRay,fitness,doorClosed,checkpointMet,distanceFromPlayer,seesKey,mouseRotation,forwardButtonPressed,backButtonPressed,leftButtonPressed,rightButtonPressed,keyButtonPressed
1.26,,32.901611328125,26.0257148742676,10.7438325881958,7.57663106918335,19.0302467346191,18.4233665466309,,,,,False,,,,,,
1.28,312.840728759766,32.901611328125,26.0257148742676,10.7438325881958,7.57663106918335,19.0302467346191,18.4233684539795,,False,0,6.02847732119702,False,0,False,False,False,False,False
1.3,314.019226074219,32.901611328125,26.0257148742676,10.7438325881958,7.57663106918335,19.0302467346191,18.4233665466309,,False,0,6.06857083173185,False,0,False,False,False,False,False
1.32,315.149932861328,32.901611328125,26.0257148742676,10.7438325881958,7.57663106918335,19.0302467346191,18.4233665466309,,False,0,6.1102617724718,False,0,False,False,False,False,False
1.34,316.233642578125,32.901611328125,26.0257148742676,10.7438325881958,7.57663202285767,19.0302467346191,18.4233684539795,,False,0,6.15359785994464,False,0,False,False,False,False,False
1.36,317.270751953125,32.901611328125,26.0257148742676,10.7438325881958,7.57663202285767,19.0302467346191,18.4233665466309,,False,0,6.19866091536204,False,0,False,False,False,False,False
1.38,318.261199951172,32.901611328125,26.0257148742676,10.7438325881958,7.57663202285767,19.0302467346191,18.4233665466309,,False,0,6.24557004063668,False,0,False,False,False,False,False
1.4,319.204254150391,32.901611328125,26.0257148742676,10.7438325881958,7.57663202285767,19.0302467346191,18.4233665466309,,False,0,6.29449143094508,False,0,False,False,False,False,False
1.42,320.098083496094,32.901611328125,26.0257148742676,10.7438325881958,7.57663202285767,19.0302467346191,18.4233665466309,,False,0,6.34565522075198,False,0,False,False,False,False,False
1.44,320.939605712891,32.901611328125,26.0257148742676,10.7438325881958,7.57663106918335,19.0302467346191,18.4233665466309,,False,0,6.39935953544714,False,0,False,False,False,False,False
1.46,321.723663330078,32.901611328125,26.0257148742676,10.7438325881958,7.57663106918335,19.0302467346191,18.4233665466309,,False,0,6.45598613575301,False,0,False,False,False,False,False
1.48,322.442352294922,32.901611328125,26.0257148742676,10.7438325881958,7.57663106918335,19.0302467346191,18.4233665466309,,False,0,6.51597533991664,False,0,False,False,False,False,False
1.5,323.083831787109,32.901611328125,26.0257148742676,10.7438325881958,7.57663106918335,19.0302467346191,18.4233665466309,,False,0,6.57976945137318,False,0,False,False,False,False,False
1.52,323.630706787109,32.901611328125,26.0257148742676,10.7438325881958,7.57663106918335,19.0302467346191,18.4233684539795,,False,0,6.64762209412283,False,0,False,False,False,False,False
1.54,324.057891845703,32.901611328125,26.0257148742676,10.7438325881958,7.57663106918335,19.0302467346191,18.4233684539795,,False,0,6.71916581606649,False,0,False,False,False,False,False
1.56,324.331024169922,32.901611328125,26.0257148742676,10.7438325881958,7.57663106918335,19.0302467346191,18.4233665466309,,False,0,6.7924044634661,False,0,False,False,False,False,False
1.58,324.409576416016,32.901611328125,26.0257148742676,10.7438325881958,7.57663106918335,19.0302467346191,18.4233665466309,,False,0,6.86139768461725,False,-0.0500000007450581,False,False,False,False,False
1.6,324.541168212891,32.9028739929199,25.8020210266113,10.838339805603,7.576575756073,19.0309581756592,18.4244117736816,,False,0,6.9112728145011,False,-0.0500000007450581,False,False,False,False,False
1.62,324.686859130859,32.9028739929199,25.8020210266113,10.838339805603,7.576575756073,19.0309581756592,18.4244117736816,,False,0,6.91927154329489,False,-0.275000005960464,False,False,False,False,False
1.64,325.819488525391,32.9546508789063,24.6699371337891,11.4056377410889,7.58660125732422,19.060863494873,18.4552783966064,,False,0,6.91772989824183,False,-0.275000005960464,False,False,False,False,False
1.66,326.588806152344,32.9546508789063,24.6699371337891,11.4056377410889,7.58660125732422,19.060863494873,18.4552783966064,,False,0,6.8983272197216,False,-1.17500007152557,False,False,False,False,False
1.68,331.34912109375,32.9546508789063,24.6699371337891,11.4056377410889,7.58660125732422,19.060863494873,18.4552783966064,,False,0,6.86690915938695,False,-1.17500007152557,False,False,False,False,False
1.7,335.502746582031,35.2109222412109,20.1796455383301,18.5524444580078,8.09377479553223,20.3692054748535,19.7327442169189,,False,0,6.8283783198881,False,-1.17500007152557,False,False,False,False,False
1.72,339.186309814453,35.6304473876953,18.992208480835,31.6189289093018,8.83362293243408,14.6292638778687,21.538703918457,,False,0,6.78590855931408,False,-2.04999995231628,True,False,False,False,False
1.74,345.072967529297,35.6304473876953,18.992208480835,31.6189289093018,8.83362293243408,14.6292638778687,21.538703918457,,False,0,6.73159584636596,False,-0.550000011920929,True,False,False,False,False
1.76,346.151733398438,35.6304473876953,18.992208480835,31.6189289093018,8.83362293243408,14.6292638778687,21.538703918457,,False,0,6.6647941328645,False,-0.550000011920929,True,False,False,False,False
1.78,347.197021484375,28.9699440002441,18.4877586364746,32.9836044311523,9.83330059051514,11.9819364547729,23.8013896942139,,False,0,6.59782591208699,False,-0.550000011920929,True,False,False,False,False
1.8,348.212188720703,27.1714668273926,18.3946933746338,32.8293342590332,10.3668165206909,11.283203125,24.925708770752,,False,0,6.53118001548599,False,-0.625,True,False,False,False,False
1.82,349.37890625,27.1714668273926,18.3946933746338,32.8293342590332,10.3668165206909,11.283203125,24.925708770752,,False,0,6.4560691602983,False,-0.425000011920929,True,False,False,False,False
1.84,349.977172851563,27.1714668273926,18.3946933746338,32.8293342590332,10.3668165206909,11.283203125,24.925708770752,,False,0,6.36750924351335,False,-0.425000011920929,True,False,False,False,False
1.86,350.562561035156,24.2290668487549,18.3134613037109,32.7676773071289,11.7816038131714,10.2597236633301,25.5405712127686,,False,0,6.28000595241633,False,-0.425000011920929,True,False,False,False,False
1.88,351.1357421875,24.2290668487549,18.3134613037109,32.7676773071289,11.7816038131714,10.2597236633301,25.5405712127686,,False,0,6.19366578190278,False,-0.349999994039536,True,False,False,False,False
1.9,351.494903564453,22.927396774292,18.3310832977295,32.8884735107422,12.8436994552612,9.8741569519043,24.3875122070313,,False,0,6.09907170917168,False,-0.349999994039536,True,False,False,False,False
1.92,351.844055175781,22.927396774292,18.3310832977295,32.8884735107422,12.8436994552612,9.8741569519043,24.3875122070313,,False,0,6.00591422481055,False,-0.25,True,False,False,False,False
1.94,351.913177490234,22.0548725128174,18.3306369781494,33.0167922973633,13.8370962142944,9.70895767211914,23.7245178222656,,False,0,5.900144429846,False,-0.25,True,False,False,False,False
1.96,351.970001220703,22.0548725128174,18.3306369781494,33.0167922973633,13.8370962142944,9.70895767211914,23.7245178222656,,False,0,5.79616597422649,False,-0.300000011920929,True,False,False,False,False
1.98,352.125091552734,21.1333446502686,18.3801364898682,33.2704963684082,15.2366542816162,9.54310989379883,23.0228748321533,,False,0,5.68451293643356,False,-0.300000011920929,True,False,False,False,False
2,352.267395019531,20.9809875488281,18.3159828186035,33.2524108886719,15.4959001541138,9.61194515228271,23.0193881988525,,False,0,5.57473776820728,False,-0.0500000007450581,True,False,False,False,False
2.02,351.754943847656,20.9809875488281,18.3159828186035,33.2524108886719,15.4959001541138,9.61194515228271,23.0193881988525,,False,0,5.45766384075188,False,-0.0750000029802322,True,False,False,False,False
2.04,351.267150878906,20.9809875488281,18.3159828186035,33.2524108886719,15.4959001541138,9.61194515228271,23.0193881988525,,False,0,5.33845850530996,False,-0.0750000029802322,True,False,False,False,False
2.06,350.747680664063,20.4335479736328,18.1392669677734,33.2511596679688,16.5057239532471,9.79613304138184,22.9272441864014,,False,0,5.22215125302456,False,-0.0750000029802322,True,False,False,False,False
2.08,350.194366455078,20.4335479736328,18.1392669677734,33.2511596679688,16.5057239532471,9.79613304138184,22.9272441864014,,False,0,5.10890529791106,False,-0.0750000029802322,True,False,False,False,False
2.1,349.604766845703,20.0780811309814,18.0226497650146,33.2603721618652,17.2237167358398,9.92055797576904,22.8686370849609,,False,0,4.99890491750189,False,-0.0750000029802322,True,False,False,False,False
2.12,348.976440429688,20.0780811309814,18.0226497650146,33.2603721618652,17.2237167358398,9.92055797576904,22.8686370849609,,False,0,4.89233769854846,False,0,True,False,False,False,False
2.14,348.103210449219,19.878080368042,17.8433322906494,33.1568450927734,17.5701293945313,10.1205596923828,22.9841041564941,,False,0,4.78967196688268,False,0,True,False,False,False,False
2.16,347.173797607422,19.878080368042,17.8433322906494,33.1568450927734,17.5701293945313,10.1205596923828,22.9841041564941,,False,0,4.69116388067341,False,0,True,False,False,False,False
2.18,346.183166503906,19.6780776977539,17.6640167236328,33.0533180236816,17.9165420532227,10.3205614089966,23.099573135376,,False,0,4.59708072276489,False,0,True,False,False,False,False
2.2,345.125701904297,19.6780776977539,17.6640167236328,33.0533180236816,17.9165420532227,10.3205614089966,23.099573135376,,False,0,4.50769956842601,False,0,True,False,False,False,False
2.22,343.995178222656,19.4780769348145,17.4847011566162,32.9497909545898,18.2629547119141,10.5205631256104,23.2150421142578,,False,0,4.42330546515259,False,0,True,False,False,False,False
2.24,342.784820556641,19.4780769348145,17.4847011566162,32.9497909545898,18.2629547119141,10.5205631256104,23.2150421142578,,False,0,4.34418907141475,False,-0.100000001490116,True,False,False,False,False
2.26,341.808074951172,19.0875835418701,17.3883895874023,33.0074043273926,19.1943683624268,10.6162776947021,23.0993175506592,,False,0,4.27013424326811,False,-0.100000001490116,True,False,False,False,False
2.28,340.764343261719,19.0875835418701,17.3883895874023,33.0074043273926,19.1943683624268,10.6162776947021,23.0993175506592,,False,0,4.20136159381644,False,-0.550000011920929,True,False,False,False,False
2.3,341.147064208984,18.0084247589111,17.7718296051025,34.0076789855957,23.7873306274414,10.3207759857178,22.1256198883057,,False,0,4.13568353479989,False,-0.550000011920929,True,False,False,False,False
2.32,341.517639160156,18.0084247589111,17.7718296051025,34.0076789855957,23.7873306274414,10.3207759857178,22.1256198883057,,False,0,4.07312694100392,False,-0.650000035762787,True,False,False,False,False
2.34,342.196533203125,17.0944557189941,18.5146999359131,34.7775993347168,33.0160293579102,10.0935220718384,21.2886924743652,,False,0,4.01319890357385,False,-0.650000035762787,True,False,False,False,False
2.36,342.865509033203,17.0944557189941,18.5146999359131,34.7775993347168,33.0160293579102,10.0935220718384,21.2886924743652,,False,0,3.95588877170612,False,-1.70000004768372,True,False,False,False,False
2.38,346.609985351563,17.0944557189941,18.5146999359131,34.7775993347168,33.0160293579102,10.0935220718384,21.2886924743652,,False,0,3.89659348213497,False,-1.70000004768372,True,False,False,False,False
2.4,350.114013671875,16.2300701141357,25.3474655151367,19.94309425354,31.906608581543,10.0586767196655,20.6020050048828,,False,0,3.83609256573193,False,-1.70000004768372,True,False,False,False,False
2.42,353.466522216797,16.2119884490967,24.7784442901611,19.3913478851318,32.0847969055176,10.2096738815308,20.6892948150635,,False,0,3.77527106259156,False,-0.349999994039536,True,False,False,False,False
2.44,353.465667724609,16.2119884490967,24.7784442901611,19.3913478851318,32.0847969055176,10.2096738815308,20.6892948150635,,False,0,3.7172687181718,False,-1.20000004768372,False,False,False,False,False
2.46,355.561431884766,16.2119884490967,24.7784442901611,19.3913478851318,32.0847969055176,10.2096738815308,20.6892948150635,,False,0,3.6766341039376,False,-1.20000004768372,False,False,False,False,False
2.48,357.662506103516,17.8435401916504,21.1746044158936,16.4146633148193,33.1653175354004,11.6720190048218,21.7227249145508,,False,0,3.63770275379228,False,-1.20000004768372,False,False,False,False,False
2.5,359.790374755859,17.8435401916504,21.1746044158936,16.4146633148193,33.1653175354004,11.6720190048218,21.7227249145508,,False,0,3.60078512796939,False,-0.775000035762787,False,False,False,False,False
2.52,0.960452377796173,19.2763633728027,20.4510250091553,15.7893056869507,26.4969444274902,12.8866052627563,17.7021903991699,,False,0,3.57685589728714,False,-0.775000035762787,False,False,False,False,False
2.54,2.16225647926331,20.6748123168945,20.2027549743652,15.5775108337402,23.5441799163818,13.9341354370117,15.8579015731812,,False,0,3.55513301801252,False,-1.05000007152557,False,False,False,False,False
2.56,4.04861736297607,20.6748123168945,20.2027549743652,15.5775108337402,23.5441799163818,13.9341354370117,15.8579015731812,,False,0,3.54398650867488,False,-0.850000023841858,False,False,False,False,False
2.58,5.49874687194824,20.6748123168945,20.2027549743652,15.5775108337402,23.5441799163818,13.9341354370117,15.8579015731812,,False,0,3.55000336361998,False,-0.850000023841858,False,False,False,False,False
2.6,7.00467205047607,24.7860889434814,20.302303314209,15.6345329284668,19.0621814727783,17.9969806671143,13.0503520965576,,False,0,3.55834221244373,False,-0.850000023841858,False,False,False,False,False
2.62,8.57615375518799,23.2652530670166,20.6672554016113,15.9170742034912,17.8942108154297,20.8113803863525,12.2963590621948,,False,0,3.56904825967514,False,-1.07500004768372,False,False,False,False,False
2.64,10.7836399078369,23.2652530670166,20.6672554016113,15.9170742034912,17.8942108154297,20.8113803863525,12.2963590621948,,False,0,3.59150236925634,False,-0.0750000029802322,False,False,False,False,False
2.66,10.4161443710327,23.0293140411377,20.6856002807617,15.9407300949097,17.7232837677002,21.3444690704346,12.2376871109009,,False,0,3.624658905176,False,-0.0750000029802322,False,False,False,False,False
2.68,10.0631246566772,23.0293140411377,20.6856002807617,15.9407300949097,17.7232837677002,21.3444690704346,12.2376871109009,,False,0,3.65915951093409,False,-0.550000011920929,False,False,False,False,False
2.7,10.9108037948608,21.8969440460205,21.3110408782959,16.4256019592285,16.854772567749,25.7993774414063,11.6671447753906,,False,0,3.70962321753262,False,-0.550000011920929,False,False,False,False,False
2.72,11.7952404022217,21.8969440460205,21.3110408782959,16.4256019592285,16.854772567749,25.7993774414063,11.6671447753906,,False,0,3.76171637283319,False,-0.0500000007450581,False,False,False,False,False
2.74,11.3450622558594,21.8025341033936,21.3732604980469,16.4760246276855,16.784610748291,26.3170337677002,11.6260538101196,,False,0,3.82402515049805,False,-0.0500000007450581,False,False,False,False,False
2.76,10.9180288314819,21.8025341033936,21.3732604980469,16.4760246276855,16.784610748291,26.3170337677002,11.6260538101196,,False,0,3.88770644296135,False,-0.0750000029802322,True,False,False,False,False
2.78,10.6080617904663,21.6484603881836,21.4536952972412,16.547643661499,16.6756687164307,27.1534557342529,11.5737495422363,,False,0,3.9427631360903,False,-0.0750000029802322,True,False,False,False,False
2.8,10.314715385437,21.5837631225586,21.4670429229736,16.5663013458252,16.6342144012451,27.4591331481934,11.5629291534424,,False,0,3.99895560109857,False,-0.0500000007450581,True,False,False,False,False
2.82,9.99734115600586,21.5837631225586,21.4670429229736,16.5663013458252,16.6342144012451,27.4591331481934,11.5629291534424,,False,0,4.04743073428071,False,0,True,False,False,False,False
2.84,9.60375785827637,21.5837631225586,21.4670429229736,16.5663013458252,16.6342144012451,27.4591331481934,11.5629291534424,,False,0,4.08208560455568,False,0,True,False,False,False,False
2.86,9.21976089477539,21.4625473022461,21.3464832305908,16.5154399871826,16.5830783843994,27.5803375244141,11.6140670776367,,False,0,4.11746732152133,False,0,True,False,False,False,False
2.88,8.84503746032715,21.4625473022461,21.3464832305908,16.5154399871826,16.5830783843994,27.5803375244141,11.6140670776367,,False,0,4.15355731047808,False,0,True,False,False,False,False
2.9,8.49829864501953,21.3636379241943,21.2481060028076,16.4739360809326,16.5413475036621,27.6792488098145,11.655797958374,,False,0,4.1817262019546,False,0,True,False,False,False,False
2.92,8.15829277038574,21.3044586181641,21.1892471313477,16.449104309082,16.5163822174072,27.7384223937988,11.6807622909546,,False,0,4.21050005942168,False,0,True,False,False,False,False
2.94,7.84339237213135,21.3044586181641,21.1892471313477,16.449104309082,16.5163822174072,27.7384223937988,11.6807622909546,,False,0,4.23055163250463,False,0,True,False,False,False,False
2.96,7.55190181732178,21.1655101776123,21.0510501861572,16.3907985687256,16.4799175262451,27.8773708343506,11.7393865585327,,False,0,4.24122464121985,False,0,True,False,False,False,False
2.98,7.26323509216309,21.1655101776123,21.0510501861572,16.3907985687256,16.4799175262451,27.8773708343506,11.7393865585327,,False,0,4.25234964075928,False,0,True,False,False,False,False
3,7.00250482559204,20.9966773986816,20.883129119873,16.319953918457,16.4086875915527,28.0462017059326,11.8106155395508,,False,0,4.24948323298492,False,0,True,False,False,False,False
3.02,6.74245548248291,20.9966773986816,20.883129119873,16.319953918457,16.4086875915527,28.0462017059326,11.8106155395508,,False,0,4.2469879545374,False,0,True,False,False,False,False
3.04,6.49883890151978,20.8076972961426,20.6951713562012,16.2406558990479,16.3289566040039,28.235179901123,11.8903455734253,,False,0,4.23508462624329,False,0,True,False,False,False,False
3.06,6.25469779968262,20.8076972961426,20.6951713562012,16.2406558990479,16.3289566040039,28.235179901123,11.8903455734253,,False,0,4.22351048619368,False,0,True,False,False,False,False
3.08,6.01805686950684,20.6076946258545,20.4962501525879,16.1567325592041,16.2445774078369,28.4351768493652,11.9747247695923,,False,0,4.20689616553289,False,0,True,False,False,False,False
3.1,5.78028535842896,20.5076942443848,20.3967914581299,16.1147689819336,16.2023868560791,28.5351753234863,12.0169143676758,,False,0,4.19059521212524,False,0,True,False,False,False,False
3.12,5.54138994216919,20.5076942443848,20.3967914581299,16.1147689819336,16.2023868560791,28.5351753234863,12.0169143676758,,False,0,4.1746112968662,False,0,True,False,False,False,False
3.14,5.30137157440186,20.5076942443848,20.3967914581299,16.1147689819336,16.2023868560791,28.5351753234863,12.0169143676758,,False,0,4.15894807513666,False,0,True,False,False,False,False
3.16,5.06022214889526,20.207691192627,20.09840965271,15.9888849258423,16.0758190155029,28.8351726531982,12.1434841156006,,False,0,4.14360918369083,False,0,True,False,False,False,False
3.18,4.81795167922974,20.1076889038086,19.998950958252,15.9469232559204,16.0336284637451,28.9351711273193,12.1856746673584,,False,0,4.12859823746213,False,0,True,False,False,False,False
3.2,4.57455730438232,20.1076889038086,19.998950958252,15.9469232559204,16.0336284637451,28.9351711273193,12.1856746673584,,False,0,4.11391882629055,False,0,True,False,False,False,False
3.22,4.33003950119019,19.9076881408691,19.8000297546387,15.8629989624023,15.9492473602295,29.1351680755615,12.2700529098511,,False,0,4.09957451157609,False,0,True,False,False,False,False
3.24,4.08439779281616,19.9076881408691,19.8000297546387,15.8629989624023,15.9492473602295,29.1351680755615,12.2700529098511,,False,0,4.08556882286237,False,0,True,False,False,False,False
3.26,3.83763909339905,19.7076854705811,19.6011085510254,15.7790756225586,15.8648672103882,29.3351669311523,12.3544330596924,,False,0,4.07190525435575,False,0,True,False,False,False,False
3.28,3.58976006507874,19.7076854705811,19.6011085510254,15.7790756225586,15.8648672103882,29.3351669311523,12.3544330596924,,False,0,4.05858726138529,False,-0.025000000372529,True,False,False,False,False
3.3,3.40053701400757,19.471830368042,19.4366626739502,15.7236804962158,15.7521266937256,29.8429260253906,12.4155893325806,,False,0,4.04564606857915,False,-0.025000000372529,True,False,False,False,False
3.32,3.21146249771118,19.3193950653076,19.3893489837646,15.7251834869385,15.6684465408325,30.4203319549561,12.4232444763184,,False,0,4.03307996647998,False,-0.0750000029802322,True,False,False,False,False
3.34,3.14188599586487,19.3193950653076,19.3893489837646,15.7251834869385,15.6684465408325,30.4203319549561,12.4232444763184,,False,0,4.02093809232508,False,-0.100000001490116,True,False,False,False,False
3.36,3.13490104675293,19.3193950653076,19.3893489837646,15.7251834869385,15.6684465408325,30.4203319549561,12.4232444763184,,False,0,4.00923276890433,False,-0.100000001490116,True,False,False,False,False
3.38,3.13232374191284,18.8226337432861,19.3051490783691,15.7849426269531,15.3904085159302,32.8212852478027,12.4130563735962,,False,0,3.99795199086485,False,-0.100000001490116,True,False,False,False,False
3.4,3.13422536849976,18.7226333618164,19.2025852203369,15.7460832595825,15.3525199890137,32.9212913513184,12.4509449005127,,False,0,3.98708220208222,False,0,True,False,False,False,False
3.42,2.90206050872803,18.7226333618164,19.2025852203369,15.7460832595825,15.3525199890137,32.9212913513184,12.4509449005127,,False,0,3.9765127288221,False,-0.025000000372529,True,False,False,False,False
3.44,2.72858023643494,18.4920692443848,19.034875869751,15.6998720169067,15.2521648406982,33.5062065124512,12.5056791305542,,False,0,3.96626971073575,False,-0.025000000372529,True,False,False,False,False
3.46,2.55557250976563,18.4920692443848,19.034875869751,15.6998720169067,15.2521648406982,33.5062065124512,12.5056791305542,,False,0,3.95634977775901,False,0,True,False,False,False,False
3.48,2.32362174987793,18.2920722961426,18.829008102417,15.6229047775269,15.1773910522461,33.7061958312988,12.5804529190063,,False,0,3.94672953657731,False,0,True,False,False,False,False
3.5,2.09083652496338,18.1772441864014,18.7447109222412,15.6001071929932,15.1278352737427,34.0043296813965,12.6074504852295,,False,0,3.93741118389404,False,-0.025000000372529,True,False,False,False,False
3.52,1.91652059555054,18.1772441864014,18.7447109222412,15.6001071929932,15.1278352737427,34.0043296813965,12.6074504852295,,False,0,3.92841138310052,False,-0.0500000007450581,True,False,False,False,False
3.54,1.80204617977142,17.9195098876953,18.6132774353027,15.5874519348145,15.006462097168,35.0260353088379,12.6402702331543,,False,0,3.91974073912453,False,-0.0500000007450581,True,False,False,False,False
3.56,1.68958413600922,17.9195098876953,18.6132774353027,15.5874519348145,15.006462097168,35.0260353088379,12.6402702331543,,False,0,3.91139490954945,False,-0.0750000029802322,True,False,False,False,False
3.58,1.6384129524231,17.9195098876953,18.6132774353027,15.5874519348145,15.006462097168,35.0260353088379,12.6402702331543,,False,0,3.90337693170758,False,-0.0750000029802322,True,False,False,False,False
3.6,1.59079158306122,17.4976081848145,18.4741992950439,15.6249742507935,14.798999786377,37.3447265625,12.6581449508667,,False,0,3.89567695204698,False,-0.0750000029802322,True,False,False,False,False
3.62,1.54678010940552,17.3719596862793,18.4083137512207,15.6231813430786,14.7436237335205,37.3897895812988,12.6731748580933,,False,0,3.88828871625797,False,-0.0500000007450581,True,False,False,False,False
3.64,1.44717407226563,17.3719596862793,18.4083137512207,15.6231813430786,14.7436237335205,37.3897895812988,12.6731748580933,,False,0,3.88118405186591,False,-0.0750000029802322,True,False,False,False,False
3.66,1.40903127193451,17.098087310791,18.3170146942139,15.6573429107666,14.615406036377,37.429515838623,12.6841669082642,,False,0,3.87436909252524,False,-0.0750000029802322,True,False,False,False,False
3.68,1.37462306022644,16.9862289428711,18.2303714752197,15.6408052444458,14.5733880996704,37.5034523010254,12.7071971893311,,False,0,3.86783660826289,False,-0.025000000372529,True,False,False,False,False
3.7,1.22560000419617,16.9862289428711,18.2303714752197,15.6408052444458,14.5733880996704,37.5034523010254,12.7071971893311,,False,0,3.86155128799273,False,-0.0750000029802322,True,False,False,False,False
3.72,1.19583547115326,16.7177104949951,18.139762878418,15.6818065643311,14.4524412155151,37.5509414672852,12.7174844741821,,False,0,3.85553052571103,False,-0.0750000029802322,True,False,False,False,False
3.74,1.16994774341583,16.7177104949951,18.139762878418,15.6818065643311,14.4524412155151,37.5509414672852,12.7174844741821,,False,0,3.84976167758929,False,-0.100000001490116,True,False,False,False,False
3.76,1.20719504356384,16.7177104949951,18.139762878418,15.6818065643311,14.4524412155151,37.5509414672852,12.7174844741821,,False,0,3.84424996782516,False,-0.100000001490116,True,False,False,False,False
3.78,1.24989330768585,16.2927303314209,18.0720081329346,15.8143424987793,14.2573490142822,37.5666999816895,12.7077026367188,,False,0,3.8389794925014,False,-0.100000001490116,True,False,False,False,False
3.8,1.29811716079712,16.1451015472412,18.0740966796875,15.8840579986572,14.1888055801392,37.5564460754395,12.6972007751465,,False,0,3.83394575299404,False,-0.125,True,False,False,False,False
3.82,1.41114497184753,16.1451015472412,18.0740966796875,15.8840579986572,14.1888055801392,37.5564460754395,12.6972007751465,,False,0,3.82914469838057,False,0,True,False,False,False,False
3.84,1.23509550094604,15.9450979232788,17.8501968383789,15.8251132965088,14.1361522674561,37.7564468383789,12.7498540878296,,False,0,3.82451273839896,False,0,True,False,False,False,False
3.86,1.05871284008026,15.9450979232788,17.8501968383789,15.8251132965088,14.1361522674561,37.7564468383789,12.7498540878296,,False,0,3.8200504881507,False,-0.025000000372529,True,False,False,False,False
3.88,0.941166698932648,15.7270631790161,17.6713027954102,15.8070793151855,14.0679531097412,37.9133758544922,12.7874593734741,,False,0,3.81576754716047,False,-0.025000000372529,True,False,False,False,False
3.9,0.82476145029068,15.627064704895,17.5589408874512,15.7780179977417,14.0420894622803,38.0133743286133,12.8133230209351,,False,0,3.81166017960552,False,0,True,False,False,False,False
3.92,0.650371968746185,15.627064704895,17.5589408874512,15.7780179977417,14.0420894622803,38.0133743286133,12.8133230209351,,False,0,3.80771848225913,False,-0.0500000007450581,True,False,False,False,False
3.94,0.593975186347961,15.3926820755005,17.4241886138916,15.8028230667114,13.9603605270386,38.1290016174316,12.835597038269,,False,0,3.80394979373983,False,-0.0500000007450581,True,False,False,False,False
3.96,0.540285348892212,15.3926820755005,17.4241886138916,15.8028230667114,13.9603605270386,38.1290016174316,12.835597038269,,False,0,3.80034974369338,False,-0.0750000029802322,True,False,False,False,False
3.98,0.548478841781616,15.3926820755005,17.4241886138916,15.8028230667114,13.9603605270386,38.1290016174316,12.835597038269,,False,0,3.79691707109918,False,-0.0750000029802322,True,False,False,False,False
4,0.560941696166992,15.0213165283203,17.2910861968994,15.9125289916992,13.8237237930298,38.2498664855957,12.8468132019043,,False,0,3.79364360370809,False,-0.0750000029802322,True,False,False,False,False
4.02,0.577685534954071,14.8920755386353,17.2711486816406,15.9749717712402,13.7744493484497,38.2750816345215,12.8440093994141,,False,0,3.79052517022798,False,-0.100000001490116,True,False,False,False,False
4.04,0.657896399497986,14.8920755386353,17.2711486816406,15.9749717712402,13.7744493484497,38.2750816345215,12.8440093994141,,False,0,3.78755701923615,False,-0.0750000029802322,True,False,False,False,False
4.06,0.684819638729095,14.6509656906128,17.1843280792236,16.0617332458496,13.6938724517822,38.3684616088867,12.8506231307983,,False,0,3.78472385102557,False,-0.0750000029802322,True,False,False,False,False
4.08,0.716103136539459,14.6509656906128,17.1843280792236,16.0617332458496,13.6938724517822,38.3684616088867,12.8506231307983,,False,0,3.78202247772719,False,-0.125,True,False,False,False,False
4.1,0.87011331319809,14.3893747329712,17.2005062103271,16.2537631988525,13.5973653793335,38.4056816101074,12.8347969055176,,False,0,3.77945978298102,False,-0.125,True,False,False,False,False
4.12,1.03162360191345,14.2780656814575,17.1327037811279,16.2814064025879,13.5686140060425,38.4753532409668,12.8427000045776,,False,0,3.77703137264008,False,-0.0500000007450581,True,False,False,False,False
4.14,1.0230199098587,14.2780656814575,17.1327037811279,16.2814064025879,13.5686140060425,38.4753532409668,12.8427000045776,,False,0,3.77470763825025,False,-0.125,True,False,False,False,False
4.16,1.19496512413025,14.0263862609863,17.1572113037109,16.4961948394775,13.4859972000122,38.5347785949707,12.829065322876,,False,0,3.77250859589185,False,-0.125,True,False,False,False,False
4.18,1.37452530860901,14.0263862609863,17.1572113037109,16.4961948394775,13.4859972000122,38.5347785949707,12.829065322876,,False,0,3.77043277037001,False,-0.025000000372529,True,False,False,False,False
4.2,1.32458817958832,13.8170394897461,16.9666843414307,16.5113296508789,13.4462194442749,38.7088394165039,12.8511772155762,,False,0,3.76843419828675,False,-0.025000000372529,True,False,False,False,False
4.22,1.2760899066925,13.8170394897461,16.9666843414307,16.5113296508789,13.4462194442749,38.7088394165039,12.8511772155762,,False,0,3.76650736408943,False,-0.025000000372529,True,False,False,False,False
4.24,1.22900700569153,13.608099937439,16.7750911712646,16.5279483795166,13.4076223373413,38.8835411071777,12.8726348876953,,False,0,3.76465271618724,False,-0.025000000372529,True,False,False,False,False
4.26,1.1833747625351,13.608099937439,16.7750911712646,16.5279483795166,13.4076223373413,38.8835411071777,12.8726348876953,,False,0,3.76286475995597,False,-0.0500000007450581,True,False,False,False,False
4.28,1.198410987854,13.3912839889526,16.6369495391846,16.6011619567871,13.3624839782715,39.0349960327148,12.885048866272,,False,0,3.76115450593906,False,-0.0500000007450581,True,False,False,False,False
4.3,1.21641838550568,13.3912839889526,16.6369495391846,16.6011619567871,13.3624839782715,39.0349960327148,12.885048866272,,False,0,3.75951707758648,False,-0.100000001490116,True,False,False,False,False
4.32,1.35593354701996,13.1612930297852,16.6101627349854,16.7936229705811,13.3066644668579,39.1466865539551,12.8816394805908,,False,0,3.75796928332613,False,-0.100000001490116,True,False,False,False,False
4.34,1.50157463550568,13.0612926483154,16.4839572906494,16.7784061431885,13.2946071624756,39.2466850280762,12.8936967849731,,False,0,3.75651339969116,False,0,True,False,False,False,False
4.36,1.41615986824036,13.0612926483154,16.4839572906494,16.7784061431885,13.2946071624756,39.2466850280762,12.8936967849731,,False,0,3.75509659784404,False,0,True,False,False,False,False
4.38,1.33070504665375,12.861291885376,16.2315483093262,16.7479724884033,13.2704925537109,39.4466857910156,12.9178113937378,,False,0,3.75371892203781,False,0,True,False,False,False,False
4.4,1.24520921707153,12.7612915039063,16.1053428649902,16.7327556610107,13.2584352493286,39.546688079834,12.9298696517944,,False,0,3.7523804153675,False,0,True,False,False,False,False
4.42,1.15967488288879,12.7612915039063,16.1053428649902,16.7327556610107,13.2584352493286,39.546688079834,12.9298696517944,,False,0,3.75108111976357,False,0,True,False,False,False,False
4.44,1.07410109043121,12.5612907409668,15.8529319763184,16.7023220062256,13.234320640564,39.7466888427734,12.9539833068848,,False,0,3.74982107598535,False,0,True,False,False,False,False
4.46,0.988487720489502,12.5612907409668,15.8529319763184,16.7023220062256,13.234320640564,39.7466888427734,12.9539833068848,,False,0,3.74860032361484,False,-0.025000000372529,True,False,False,False,False
4.48,0.962049782276154,12.5612907409668,15.8529319763184,16.7023220062256,13.234320640564,39.7466888427734,12.9539833068848,,False,0,3.7474259108581,False,-0.025000000372529,True,False,False,False,False
4.5,0.93710333108902,12.2517709732056,15.5544052124023,16.7443675994873,13.189076423645,40.0160789489746,12.9791383743286,,False,0,3.74629955475866,False,-0.025000000372529,True,False,False,False,False
4.52,0.91362726688385,12.1487722396851,15.4542932510376,16.7591934204102,13.1745729446411,40.1062126159668,12.9872026443481,,False,0,3.74521490508725,False,-0.025000000372529,True,False,False,False,False
4.54,0.891649425029755,12.1487722396851,15.4542932510376,16.7591934204102,13.1745729446411,40.1062126159668,12.9872026443481,,False,0,3.74417433645956,False,-0.025000000372529,True,False,False,False,False
4.56,0.8711758852005,11.9430170059204,15.253137588501,16.7900791168213,13.1464281082153,40.2870063781738,13.0028476715088,,False,0,3.74317212630543,False,-0.025000000372529,True,False,False,False,False
4.58,0.852203786373138,11.9430170059204,15.253137588501,16.7900791168213,13.1464281082153,40.2870063781738,13.0028476715088,,False,0,3.74221013626723,False,0,True,False,False,False,False
4.6,0.775539338588715,11.7430152893066,14.9977025985718,16.7626705169678,13.1249656677246,40.4870071411133,13.0243091583252,,False,0,3.74127962263042,False,0,True,False,False,False,False
4.62,0.698848128318787,11.6430139541626,14.8699855804443,16.7489643096924,13.1142339706421,40.5870094299316,13.0350399017334,,False,0,3.74038060888664,False,0,True,False,False,False,False
4.64,0.622129559516907,11.6430139541626,14.8699855804443,16.7489643096924,13.1142339706421,40.5870094299316,13.0350399017334,,False,0,3.73951311775448,False,0,True,False,False,False,False
4.66,0.545383930206299,11.4430131912231,14.6145515441895,16.7215538024902,13.0927724838257,40.7870101928711,13.0565004348755,,False,0,3.73867717117668,False,0,True,False,False,False,False
4.68,0.468612283468246,11.3430118560791,14.486834526062,16.7078495025635,13.0820407867432,40.8870086669922,13.0672311782837,,False,0,3.7378727903173,False,0,True,False,False,False,False
4.7,0.391814440488815,11.3430118560791,14.486834526062,16.7078495025635,13.0820407867432,40.8870086669922,13.0672311782837,,False,0,3.7370999955592,False,0,True,False,False,False,False
4.72,0.314990997314453,11.1430101394653,14.2313995361328,16.6804389953613,13.0605792999268,41.0870132446289,13.0886936187744,,False,0,3.73635880650126,False,0,True,False,False,False,False
4.74,0.238141596317291,11.1430101394653,14.2313995361328,16.6804389953613,13.0605792999268,41.0870132446289,13.0886936187744,,False,0,3.73564924195616,False,0,True,False,False,False,False
4.76,0.161266922950745,10.9430046081543,13.9759607315063,16.6530284881592,13.039116859436,41.2870178222656,13.1101551055908,,False,0,3.73497131994784,False,0,True,False,False,False,False
4.78,0.0843670964241028,10.9430046081543,13.9759607315063,16.6530284881592,13.039116859436,41.2870178222656,13.1101551055908,,False,0,3.73432505770926,False,-0.025000000372529,True,False,False,False,False
4.8,0.06660146266222,10.738037109375,13.76904296875,16.6850872039795,13.0121698379517,41.4680366516113,13.125114440918,,False,0,3.73371098233658,False,-0.025000000372529,True,False,False,False,False
4.82,0.0503585040569305,10.638032913208,13.6408100128174,16.6718940734863,13.001880645752,41.568042755127,13.1354036331177,,False,0,3.73312723662685,False,0,True,False,False,False,False
4.84,359.976470947266,10.638032913208,13.6408100128174,16.6718940734863,13.001880645752,41.568042755127,13.1354036331177,,False,0,3.73257269954323,False,0,True,False,False,False,False
4.86,359.902587890625,10.638032913208,13.6408100128174,16.6718940734863,13.001880645752,41.568042755127,13.1354036331177,,False,0,3.73204738410589,False,0,True,False,False,False,False
4.88,359.828643798828,10.3380327224731,13.2561302185059,16.2971649169922,12.9710140228271,41.8680419921875,13.1662702560425,,False,0,3.73155130265595,False,0,True,False,False,False,False
4.9,359.754730224609,10.2335157394409,13.1747608184814,16.0535297393799,12.9553003311157,41.9496307373047,13.1705026626587,,False,0,3.73108446685423,False,-0.0500000007450581,True,False,False,False,False
4.92,359.799072265625,10.2335157394409,13.1747608184814,16.0535297393799,12.9553003311157,41.9496307373047,13.1705026626587,,False,0,3.73064440376417,False,0,True,False,False,False,False
4.94,359.728210449219,10.0335168838501,12.9172792434692,15.7397871017456,12.9356060028076,42.1496276855469,13.1901979446411,,False,0,3.73023121116387,False,0,True,False,False,False,False
4.96,359.657287597656,10.0335168838501,12.9172792434692,15.7397871017456,12.9356060028076,42.1496276855469,13.1901979446411,,False,0,3.72984489798346,False,0,True,False,False,False,False
4.98,359.586364746094,9.83351802825928,12.6597986221313,15.4260444641113,12.9159107208252,42.3496246337891,13.2098932266235,,False,0,3.72948547257577,False,0,True,False,False,False,False
5,359.515441894531,9.7314395904541,12.5535497665405,15.2287082672119,12.9034509658813,42.4406204223633,13.2168016433716,,False,0,3.72915294271532,False,-0.025000000372529,True,False,False,False,False
5.02,359.503631591797,9.7314395904541,12.5535497665405,15.2287082672119,12.9034509658813,42.4406204223633,13.2168016433716,,False,0,3.72884096438303,False,-0.025000000372529,True,False,False,False,False
5.04,359.493347167969,9.52748966217041,12.3400049209595,14.8372755050659,12.8793840408325,42.6231498718262,13.2301473617554,,False,0,3.72855193902715,False,-0.025000000372529,True,False,False,False,False
5.06,359.484619140625,9.52748966217041,12.3400049209595,14.8372755050659,12.8793840408325,42.6231498718262,13.2301473617554,,False,0,3.72828418933066,False,0,True,False,False,False,False
5.08,359.418243408203,9.32749366760254,12.0809688568115,14.5258188247681,12.8610038757324,42.8231468200684,13.2485275268555,,False,0,3.7280399742495,False,0,True,False,False,False,False
5.1,359.351867675781,9.22566032409668,11.9731950759888,14.3325147628784,12.849401473999,42.9146537780762,13.2549571990967,,False,0,3.72781929840903,False,-0.025000000372529,True,False,False,False,False
5.12,359.344635009766,9.22566032409668,11.9731950759888,14.3325147628784,12.849401473999,42.9146537780762,13.2549571990967,,False,0,3.72761336361241,False,-0.0500000007450581,True,False,False,False,False
5.14,359.398162841797,9.01887321472168,11.800009727478,13.8772602081299,12.8228797912598,43.0826454162598,13.262059211731,,False,0,3.72741886633979,False,-0.0500000007450581,True,False,False,False,False
5.16,359.454742431641,9.01887321472168,11.800009727478,13.8772602081299,12.8228797912598,43.0826454162598,13.262059211731,,False,0,3.72723655683255,False,0,True,False,False,False,False
5.18,359.396087646484,8.81887340545654,11.5383358001709,13.5695219039917,12.8066940307617,43.2826461791992,13.2782421112061,,False,0,3.72707263506536,False,0,True,False,False,False,False
5.2,359.33740234375,8.71734809875488,11.4287176132202,13.3813400268555,12.7965106964111,43.3750991821289,13.2838859558105,,False,0,3.72692710346446,False,-0.025000000372529,True,False,False,False,False
5.22,359.337890625,8.71734809875488,11.4287176132202,13.3813400268555,12.7965106964111,43.3750991821289,13.2838859558105,,False,0,3.72679253266113,False,-0.025000000372529,True,False,False,False,False
5.24,359.339904785156,8.51447868347168,11.2083530426025,13.0079650878906,12.7769832611084,43.5605812072754,13.2947063446045,,False,0,3.72667131859439,False,-0.025000000372529,True,False,False,False,False
5.26,359.343475341797,8.51447868347168,11.2083530426025,13.0079650878906,12.7769832611084,43.5605812072754,13.2947063446045,,False,0,3.7265620867993,False,-0.0500000007450581,True,False,False,False,False
5.28,359.407775878906,8.30935192108154,11.0283460617065,12.5754499435425,12.7553005218506,43.7339401245117,13.300482749939,,False,0,3.72645474296367,False,-0.0500000007450581,True,False,False,False,False
5.3,359.475158691406,8.20935249328613,10.8956270217896,12.4241104125977,12.7487440109253,43.8339385986328,13.3070392608643,,False,0,3.72635438588757,False,0,True,False,False,False,False
5.32,359.427276611328,8.20935249328613,10.8956270217896,12.4241104125977,12.7487440109253,43.8339385986328,13.3070392608643,,False,0,3.72626627306084,False,-0.0500000007450581,True,False,False,False,False
5.34,359.497772216797,8.00503349304199,10.7125158309937,12.002387046814,12.7298107147217,44.0104904174805,13.3120698928833,,False,0,3.7261783392538,False,-0.0500000007450581,True,False,False,False,False
5.36,359.571350097656,8.00503349304199,10.7125158309937,12.002387046814,12.7298107147217,44.0104904174805,13.3120698928833,,False,0,3.72609581880219,False,0,True,False,False,False,False
5.38,359.529663085938,7.8050365447998,10.4448738098145,11.7025184631348,12.7184543609619,44.2104873657227,13.3234252929688,,False,0,3.72602257769845,False,0,True,False,False,False,False
5.4,359.487976074219,7.70409822463989,10.3311891555786,11.5244369506836,12.7113628387451,44.3051071166992,13.3273544311523,,False,0,3.72595861648978,False,-0.025000000372529,True,False,False,False,False
5.42,359.505462646484,7.70409822463989,10.3311891555786,11.5244369506836,12.7113628387451,44.3051071166992,13.3273544311523,,False,0,3.72590027866873,False,-0.0500000007450581,True,False,False,False,False
5.44,359.583648681641,7.50077772140503,10.1426792144775,11.1174144744873,12.695839881897,44.4856338500977,13.3314666748047,,False,0,3.72584260958895,False,-0.0500000007450581,True,False,False,False,False
5.46,359.664916992188,7.50077772140503,10.1426792144775,11.1174144744873,12.695839881897,44.4856338500977,13.3314666748047,,False,0,3.72578377696995,False,-0.0500000007450581,True,False,False,False,False
5.48,359.749298095703,7.2981128692627,9.95181274414063,10.7188262939453,12.683048248291,44.669490814209,13.3348388671875,,False,0,3.72572603575526,False,-0.0500000007450581,True,False,False,False,False
5.5,359.836761474609,7.19754791259766,9.83539867401123,10.5471982955933,12.6784696578979,44.7659721374512,13.3373708724976,,False,0,3.72567154217792,False,-0.025000000372529,True,False,False,False,False
5.52,359.8681640625,7.19754791259766,9.83539867401123,10.5471982955933,12.6784696578979,44.7659721374512,13.3373708724976,,False,0,3.72562003984263,False,-0.0500000007450581,True,False,False,False,False
5.54,359.960235595703,7.19754791259766,9.83539867401123,10.5471982955933,12.6784696578979,44.7659721374512,13.3373708724976,,False,0,3.72556956103122,False,-0.0500000007450581,True,False,False,False,False
5.56,0.0554232336580753,6.89495086669922,9.54269886016846,9.96845626831055,12.6653957366943,45.0492782592773,13.3407869338989,,False,0,3.72552288276141,False,-0.0500000007450581,True,False,False,False,False
5.58,0.153698071837425,6.89495086669922,9.54269886016846,9.96845626831055,12.6653957366943,45.0492782592773,13.3407869338989,,False,0,3.7254789008825,False,-0.025000000372529,True,False,False,False,False
5.6,0.195901468396187,6.69437837600708,9.30485248565674,9.63547992706299,12.6604261398315,45.2453994750977,13.3435277938843,,False,0,3.7254385162531,False,-0.025000000372529,True,False,False,False,False
5.62,0.239646822214127,6.59414434432983,9.1852331161499,9.47017478942871,12.6583604812622,45.3437767028809,13.3446645736694,,False,0,3.72540134820078,False,-0.025000000372529,True,False,False,False,False
5.64,0.284961670637131,6.59414434432983,9.1852331161499,9.47017478942871,12.6583604812622,45.3437767028809,13.3446645736694,,False,0,3.72536715352021,False,-0.025000000372529,True,False,False,False,False
5.66,0.331819385290146,6.3937816619873,8.94458770751953,9.1418981552124,12.6550703048706,45.5411720275879,13.3464708328247,,False,0,3.72533552514783,False,-0.025000000372529,True,False,False,False,False
5.68,0.380220174789429,6.29354524612427,8.84253025054932,8.95905590057373,12.6537561416626,45.6394309997559,13.346794128418,,False,0,3.72530619727516,False,-0.0500000007450581,True,False,False,False,False
5.7,0.489332854747772,6.19347524642944,8.72083377838135,8.79728126525879,12.6530866622925,45.738883972168,13.3471546173096,,False,0,3.72528438712666,False,-0.025000000372529,True,False,False,False,False
5.72,0.542392790317535,6.19347524642944,8.72083377838135,8.79728126525879,12.6530866622925,45.738883972168,13.3471546173096,,False,0,3.72526828024401,False,-0.0500000007450581,True,False,False,False,False
5.74,0.656177759170532,5.99349164962769,8.51321220397949,8.43925285339355,12.6531782150269,45.9388694763184,13.3470630645752,,False,0,3.72526306240679,False,-0.0500000007450581,True,False,False,False,False
5.76,0.773065865039825,5.99349164962769,8.51321220397949,8.43925285339355,12.6531782150269,45.9388694763184,13.3470630645752,,False,0,3.72526866018374,False,-0.025000000372529,True,False,False,False,False
5.78,0.833885848522186,5.7936692237854,8.26560688018799,8.12259960174561,12.6548938751221,46.1401710510254,13.3460836410522,,False,0,3.72527980105406,False,-0.025000000372529,True,False,False,False,False
5.8,0.896254241466522,5.69434404373169,8.19606971740723,7.91486358642578,12.6577434539795,46.245433807373,13.3462038040161,,False,0,3.7253002818465,False,-0.100000001490116,True,False,False,False,False
5.82,1.13787972927094,5.69434404373169,8.19606971740723,7.91486358642578,12.6577434539795,46.245433807373,13.3462038040161,,False,0,3.725354592475,False,-0.0500000007450581,True,False,False,False,False
5.84,1.26728785037994,5.49543190002441,7.98068475723267,7.5733962059021,12.6646108627319,46.4542350769043,13.3442888259888,,False,0,3.72542850617115,False,-0.0500000007450581,True,False,False,False,False
5.86,1.39982926845551,5.49543190002441,7.98068475723267,7.5733962059021,12.6646108627319,46.4542350769043,13.3442888259888,,False,0,3.725526525874,False,-0.0500000007450581,True,False,False,False,False
5.88,1.53553891181946,5.49543190002441,7.98068475723267,7.5733962059021,12.6646108627319,46.4542350769043,13.3442888259888,,False,0,3.72564959798214,False,-0.0500000007450581,True,False,False,False,False
5.9,1.67439949512482,5.19775152206421,7.65134143829346,7.07283592224121,12.6800031661987,46.7741851806641,13.3400440216064,,False,0,3.7258024303566,False,-0.0500000007450581,True,False,False,False,False
5.92,1.81641983985901,5.19775152206421,7.65134143829346,7.07283592224121,12.6800031661987,46.7741851806641,13.3400440216064,,False,0,3.72598616877708,False,0,True,False,False,False,False
5.94,1.84282433986664,5.19775152206421,7.65134143829346,7.07283592224121,12.6800031661987,46.7741851806641,13.3400440216064,,False,0,3.72617360458845,False,0,True,False,False,False,False
5.96,1.86925566196442,4.89775371551514,7.20972681045532,6.66461658477783,12.6917877197266,47.0741844177246,13.3282585144043,,False,0,3.72636485707524,False,0,True,False,False,False,False
5.98,1.89568769931793,4.79775428771973,7.06252288818359,6.52854251861572,12.6957168579102,47.1741828918457,13.324330329895,,False,0,3.72655981342435,False,0,True,False,False,False,False
6,1.92211925983429,4.79775428771973,7.06252288818359,6.52854251861572,12.6957168579102,47.1741828918457,13.324330329895,,False,0,3.72675847305456,False,0,True,False,False,False,False
6.02,1.94852423667908,4.59775590896606,6.76811552047729,6.25639390945435,12.7035732269287,47.3741836547852,13.3164739608765,,False,0,3.72696070412972,False,0,True,False,False,False,False
6.04,1.97492957115173,4.59775590896606,6.76811552047729,6.25639390945435,12.7035732269287,47.3741836547852,13.3164739608765,,False,0,3.72716662969575,False,0,True,False,False,False,False
6.06,2.00136232376099,4.39775705337524,6.47370767593384,5.98424577713013,12.7114295959473,47.5741806030273,13.3086166381836,,False,0,3.72737638797452,False,0,True,False,False,False,False
6.08,2.0277955532074,4.29775762557983,6.32650375366211,5.84817171096802,12.7153577804565,47.6741790771484,13.3046884536743,,False,0,3.7275898471014,False,0,True,False,False,False,False
6.1,2.05420064926147,4.19775867462158,6.17929983139038,5.71209764480591,12.7192869186401,47.7741775512695,13.300760269165,,False,0,3.72780686001016,False,0,True,False,False,False,False
6.12,2.08060646057129,4.19775867462158,6.17929983139038,5.71209764480591,12.7192869186401,47.7741775512695,13.300760269165,,False,0,3.7280275648942,False,0,True,False,False,False,False
6.14,2.10703921318054,3.99775981903076,5.88489246368408,5.43994998931885,12.7271432876587,47.974178314209,13.2929029464722,,False,0,3.72825211511412,False,0,True,False,False,False,False
6.16,2.1513249874115,3.99775981903076,5.88489246368408,5.43994998931885,12.7271432876587,47.974178314209,13.2929029464722,,False,0,3.66888565072641,False,0,True,False,False,False,False
6.18,2.20756387710571,3.79776120185852,5.59048557281494,5.16780185699463,12.7349996566772,48.1741752624512,13.2850465774536,,False,0,3.57728097365331,False,0,True,False,False,False,False
6.2,2.26906132698059,3.69776201248169,5.44328165054321,5.03172779083252,12.7389278411865,48.2741737365723,13.2811183929443,,False,0,3.47924187363895,False,0,True,False,False,False,False
6.22,2.33464455604553,3.69776201248169,5.44328165054321,5.03172779083252,12.7389278411865,48.2741737365723,13.2811183929443,,False,0,3.37993087913198,False,0.0500000007450581,True,False,False,False,False
6.24,2.28487539291382,3.49664402008057,5.10083484649658,4.79839611053467,12.7419395446777,48.4594497680664,13.2701797485352,,False,0,3.2803488550123,False,0.0500000007450581,True,False,False,False,False
6.26,2.2356641292572,3.49664402008057,5.10083484649658,4.79839611053467,12.7419395446777,48.4594497680664,13.2701797485352,,False,0,3.18070020460016,False,0.0500000007450581,True,False,False,False,False
6.28,2.18701362609863,3.29585361480713,4.76500368118286,4.56150817871094,12.7441720962524,48.6483688354492,13.2620048522949,,False,0,3.08102143787374,False,0.0500000007450581,True,False,False,False,False
6.3,2.13900852203369,3.19556498527527,4.59948539733887,4.44168138504028,12.7449989318848,48.744213104248,13.2589483261108,,False,0,2.981326613159,False,0.0500000007450581,True,False,False,False,False
6.32,2.09174728393555,3.19556498527527,4.59948539733887,4.44168138504028,12.7449989318848,48.744213104248,13.2589483261108,,False,0,2.88161840268808,False,0.150000005960464,True,False,False,False,False
6.34,1.80551528930664,3.19556498527527,4.59948539733887,4.44168138504028,12.7449989318848,48.744213104248,13.2589483261108,,False,0,2.78183142804841,False,0.150000005960464,True,False,False,False,False
6.36,1.51125037670136,2.89572668075562,4.00772428512573,4.18652534484863,12.7450151443481,49.0484962463379,13.2611608505249,,False,0,2.68197754610759,False,0.150000005960464,True,False,False,False,False
6.38,1.20794689655304,2.89572668075562,4.00772428512573,4.18652534484863,12.7450151443481,49.0484962463379,13.2611608505249,,False,0,2.58206541068716,False,0.125,True,False,False,False,False
6.4,0.954414784908295,2.69768834114075,3.65550184249878,3.98928165435791,12.7473363876343,49.2836494445801,13.2774219512939,,False,0,2.48211582004726,False,0.125,True,False,False,False,False
6.42,0.691928923130035,2.69768834114075,3.65550184249878,3.98928165435791,12.7473363876343,49.2836494445801,13.2774219512939,,False,0,2.38213694171721,False,0.275000005960464,False,False,False,False,False
6.44,0.0580616444349289,2.5248236656189,3.27015209197998,3.93193173408508,12.7762594223022,49.6258163452148,13.3332614898682,,False,0,2.2914924315091,False,0.275000005960464,False,False,False,False,False
6.46,359.398162841797,2.5248236656189,3.27015209197998,3.93193173408508,12.7762594223022,49.6258163452148,13.3332614898682,,False,0,2.20087286178452,False,0.025000000372529,False,False,False,False,False
6.48,359.312835693359,2.36384057998657,3.04935336112976,3.69916248321533,12.7662563323975,49.8082122802734,13.3539848327637,,False,0,2.11989819060306,False,0.025000000372529,False,False,False,False,False
6.5,359.223022460938,2.2934410572052,2.95260620117188,3.5977623462677,12.7620687484741,49.8897018432617,13.3637228012085,,False,0,2.03892957413535,False,0.025000000372529,False,False,False,False,False
6.52,359.132659912109,2.2934410572052,2.95260620117188,3.5977623462677,12.7620687484741,49.8897018432617,13.3637228012085,,False,0,1.96806302833472,False,0.025000000372529,False,False,False,False,False
6.54,359.042755126953,2.17263126373291,2.78589630126953,3.42499566078186,12.7554483413696,50.0334434509277,13.3818244934082,,False,0,1.90720153877226,False,0.025000000372529,False,False,False,False,False
6.56,358.948822021484,2.17263126373291,2.78589630126953,3.42499566078186,12.7554483413696,50.0334434509277,13.3818244934082,,False,0,1.84634611539425,False,0.025000000372529,False,False,False,False,False
6.58,358.857086181641,2.07265615463257,2.64711308479309,3.28353929519653,12.7507486343384,50.1573638916016,13.3985137939453,,False,0,1.79591338094163,False,0.025000000372529,False,False,False,False,False
6.6,358.761657714844,2.03223371505737,2.59548711776733,3.21950149536133,12.7464094161987,50.1977882385254,13.402853012085,,False,0,1.7454885778732,False,0,False,False,False,False,False
6.62,358.729309082031,2.03223371505737,2.59548711776733,3.21950149536133,12.7464094161987,50.1977882385254,13.402853012085,,False,0,1.70510030443063,False,0,False,False,False,False,False
6.64,358.702941894531,1.97075605392456,2.51697039604187,3.12210750579834,12.7398109436035,50.2592658996582,13.4094514846802,,False,0,1.67438658170567,False,0,False,False,False,False,False
6.66,358.675567626953,1.97075605392456,2.51697039604187,3.12210750579834,12.7398109436035,50.2592658996582,13.4094514846802,,False,0,1.64367458457831,False,0,False,False,False,False,False
6.68,358.655670166016,1.92956626415253,2.46436452865601,3.0568540096283,12.735390663147,50.3004531860352,13.4138717651367,,False,0,1.62309522978757,False,0,False,False,False,False,False
6.7,358.635223388672,1.91902327537537,2.45089936256409,3.04015159606934,12.7342586517334,50.3109970092773,13.415002822876,,False,0,1.60251681870795,False,0,False,False,False,False,False
6.72,358.623016357422,1.91902327537537,2.45089936256409,3.04015159606934,12.7342586517334,50.3109970092773,13.415002822876,,False,0,1.5919737061329,False,0,False,False,False,False,False
6.74,358.619903564453,1.91902327537537,2.45089936256409,3.04015159606934,12.7342586517334,50.3109970092773,13.415002822876,,False,0,1.59196347989542,False,0,False,False,False,False,False
6.76,358.616790771484,1.91902327537537,2.45089936256409,3.04015159606934,12.7342586517334,50.3109970092773,13.415002822876,,False,0,1.59195327553982,False,0,False,False,False,False,False
6.78,358.613708496094,1.91902327537537,2.45089936256409,3.04015159606934,12.7342586517334,50.3109970092773,13.415002822876,,False,0,1.59194309306183,False,0,False,False,False,False,False
6.8,358.610595703125,1.91902327537537,2.45089936256409,3.04015159606934,12.7342586517334,50.3109970092773,13.415002822876,,False,0,1.59193293247111,False,0,False,False,False,False,False
6.82,358.607482910156,1.91902327537537,2.45089936256409,3.04015159606934,12.7342586517334,50.3109970092773,13.415002822876,,False,0,1.59192279375865,False,0,False,False,False,False,False
6.84,358.604400634766,1.91902327537537,2.45089936256409,3.04015159606934,12.7342586517334,50.3109970092773,13.415002822876,,False,0,1.59191267692956,False,0,False,False,False,False,False
6.86,358.601348876953,1.91902327537537,2.45089936256409,3.04015159606934,12.7342586517334,50.3109970092773,13.415002822876,,False,0,1.59190278778986,False,0,False,False,False,False,False
6.88,358.598297119141,1.91902327537537,2.45089936256409,3.04015159606934,12.7342586517334,50.3109970092773,13.415002822876,,False,0,1.5918929196436,False,0,False,False,False,False,False
6.9,358.595275878906,1.91902327537537,2.45089936256409,3.04015159606934,12.7342586517334,50.3109970092773,13.415002822876,,False,0,1.59188307249778,False,0,False,False,False,False,False
6.92,358.592224121094,1.91902327537537,2.45089936256409,3.04015159606934,12.7342586517334,50.3109970092773,13.415002822876,,False,0,1.59187324635109,False,0,False,False,False,False,False
6.94,358.589202880859,1.91902327537537,2.45089936256409,3.04015159606934,12.7342586517334,50.3109970092773,13.415002822876,,False,0,1.59186344120562,False,0,False,False,False,False,False
6.96,358.586212158203,1.91902327537537,2.45089936256409,3.04015159606934,12.7342586517334,50.3109970092773,13.415002822876,,False,0,1.59185386068386,False,0,False,False,False,False,False
6.98,358.583251953125,1.9088716506958,2.43793416023254,3.02406907081604,12.7331695556641,50.3211479187012,13.4160928726196,,False,0,1.59184430029981,False,0,True,False,False,False,False
7,358.571136474609,1.9088716506958,2.43793416023254,3.02406907081604,12.7331695556641,50.3211479187012,13.4160928726196,,False,0,1.58169784812591,False,0,True,False,False,False,False
7.02,358.549072265625,1.86742866039276,2.38500475883484,2.95841455459595,12.7287187576294,50.3625907897949,13.4205436706543,,False,0,1.56099764743573,False,0,True,False,False,False,False
7.04,358.526428222656,1.86742866039276,2.38500475883484,2.95841455459595,12.7287187576294,50.3625907897949,13.4205436706543,,False,0,1.54029855918361,False,0,True,False,False,False,False
7.06,358.493743896484,1.80693340301514,2.30774283409119,2.86257672309875,12.7222270965576,50.4230880737305,13.4270343780518,,False,0,1.51008980990411,False,0,True,False,False,False,False
7.08,358.459808349609,1.76671051979065,2.25637173652649,2.79885482788086,12.7179107666016,50.4633102416992,13.4313507080078,,False,0,1.47988364212935,False,0,True,False,False,False,False
7.1,358.413482666016,1.76671051979065,2.25637173652649,2.79885482788086,12.7179107666016,50.4633102416992,13.4313507080078,,False,0,1.43972650437635,False,-0.025000000372529,True,False,False,False,False
7.12,358.411682128906,1.66388607025146,2.13354825973511,2.62299561500549,12.7012968063354,50.5421905517578,13.4359760284424,,False,0,1.38878071243828,False,-0.025000000372529,True,False,False,False,False
7.14,358.407531738281,1.66388607025146,2.13354825973511,2.62299561500549,12.7012968063354,50.5421905517578,13.4359760284424,,False,0,1.33783572281323,False,-0.025000000372529,True,False,False,False,False
7.16,358.388763427734,1.54193210601807,1.98510384559631,2.41885995864868,12.6834745407104,50.6412124633789,13.4423170089722,,False,0,1.27730519278105,False,-0.025000000372529,True,False,False,False,False
7.18,358.365203857422,1.54193210601807,1.98510384559631,2.41885995864868,12.6834745407104,50.6412124633789,13.4423170089722,,False,0,1.21677585331415,False,0,True,False,False,False,False
7.2,358.260681152344,1.40113270282745,1.80383670330048,2.19798493385315,12.6696062088013,50.7820129394531,13.4561853408813,,False,0,1.14651338472553,False,0,True,False,False,False,False
7.22,358.142486572266,1.34069919586182,1.72603380680084,2.10318160057068,12.663649559021,50.8424453735352,13.4621429443359,,False,0,1.07627108867986,False,0,False,False,False,False,False
7.24,358.027282714844,1.34069919586182,1.72603380680084,2.10318160057068,12.663649559021,50.8424453735352,13.4621429443359,,False,0,1.01599139850317,False,-0.025000000372529,False,False,False,False,False
7.26,357.98046875,1.2395693063736,1.60226130485535,1.93508458137512,12.6485824584961,50.9216537475586,13.174467086792,,False,0,0.965827196518634,False,-0.025000000372529,False,False,False,False,False
7.28,357.925384521484,1.19859683513641,1.5524228811264,1.86658847332001,12.6421899795532,50.9520454406738,13.0440721511841,,False,0,0.915669935606575,False,-0.025000000372529,False,False,False,False,False
7.3,357.883972167969,1.19859683513641,1.5524228811264,1.86658847332001,12.6421899795532,50.9520454406738,13.0440721511841,,False,0,0.875055419028348,False,-0.025000000372529,False,False,False,False,False
7.32,357.861694335938,1.13682889938354,1.4783763885498,1.76186311244965,12.6316366195679,50.993408203125,12.9938440322876,,False,0,0.844487052724344,False,-0.025000000372529,False,False,False,False,False
7.34,357.835510253906,1.13682889938354,1.4783763885498,1.76186311244965,12.6316366195679,50.993408203125,12.9938440322876,,False,0,0.813923508821427,False,-0.025000000372529,False,False,False,False,False
7.36,357.833557128906,1.09566974639893,1.43063342571259,1.68993508815765,12.6233386993408,51.0151672363281,13.1857919692993,,False,0,0.793606032434776,False,-0.025000000372529,False,False,False,False,False
7.38,357.830078125,1.09566974639893,1.43063342571259,1.68993508815765,12.6233386993408,51.0151672363281,13.1857919692993,,False,0,0.773289025398259,False,-0.0500000007450581,False,False,False,False,False
7.4,357.912231445313,1.07436847686768,1.41428577899933,1.64136207103729,12.6127519607544,51.0006942749023,13.4589290618896,,False,0,0.763023434972621,False,-0.0500000007450581,False,False,False,False,False
7.42,357.995056152344,1.07420444488525,1.41696286201477,1.6372321844101,12.6106538772583,50.9925422668457,13.4568643569946,,False,0,0.752755214111322,False,-0.025000000372529,False,False,False,False,False
7.44,358.046997070313,1.07420444488525,1.41696286201477,1.6372321844101,12.6106538772583,50.9925422668457,13.4568643569946,,False,0,0.752755506730928,False,-0.0750000029802322,False,False,False,False,False
7.46,358.214752197266,1.07334434986115,1.43340456485748,1.61306703090668,12.599326133728,50.9487457275391,13.4458351135254,,False,0,0.752755828855805,False,-0.0750000029802322,False,False,False,False,False
7.48,358.382385253906,1.07334434986115,1.43340456485748,1.61306703090668,12.599326133728,50.9487457275391,13.4458351135254,,False,0,0.752756186711174,False,-0.025000000372529,False,False,False,False,False
7.5,358.434387207031,1.07309377193451,1.43901824951172,1.6052234172821,12.5960330963135,50.9361114501953,13.4426755905151,,False,0,0.752756580328368,False,-0.025000000372529,False,False,False,False,False
7.52,358.486389160156,1.07309377193451,1.43901824951172,1.6052234172821,12.5960330963135,50.9361114501953,13.4426755905151,,False,0,0.752757009662175,False,-0.0500000007450581,False,False,False,False,False
7.54,358.596099853516,1.07265794277191,1.45046675205231,1.58985888957977,12.5901746749878,50.9137573242188,13.437126159668,,False,0,0.752757474757765,False,-0.0500000007450581,False,False,False,False,False
7.56,358.705810546875,1.07265794277191,1.45046675205231,1.58985888957977,12.5901746749878,50.9137573242188,13.437126159668,,False,0,0.752757975587887,False,0,False,False,False,False,False
7.58,358.700164794922,1.07265794277191,1.45046675205231,1.58985888957977,12.5901746749878,50.9137573242188,13.437126159668,,False,0,0.75275849927712,False,0,False,False,False,False,False
7.6,358.694549560547,1.07265794277191,1.45046675205231,1.58985888957977,12.5901746749878,50.9137573242188,13.437126159668,,False,0,0.752759057071205,False,0,False,False,False,False,False
7.62,358.688903808594,1.07265794277191,1.45046675205231,1.58985888957977,12.5901746749878,50.9137573242188,13.437126159668,,False,0,0.752759648960948,False,0,False,False,False,False,False
7.64,358.683288574219,1.07265794277191,1.45046675205231,1.58985888957977,12.5901746749878,50.9137573242188,13.437126159668,,False,0,0.75276027494173,False,0,False,False,False,False,False
7.66,358.677642822266,1.07265794277191,1.45046675205231,1.58985888957977,12.5901746749878,50.9137573242188,13.437126159668,,False,0,0.75276093504534,False,0,False,False,False,False,False
7.68,358.672027587891,1.07265794277191,1.45046675205231,1.58985888957977,12.5901746749878,50.9137573242188,13.437126159668,,False,0,0.752761629230658,False,0,False,False,False,False,False
7.7,358.666381835938,1.07265794277191,1.45046675205231,1.58985888957977,12.5901746749878,50.9137573242188,13.437126159668,,False,0,0.752762357515863,False,0,False,False,False,False,False
7.72,358.660888671875,1.07265794277191,1.45046675205231,1.58985888957977,12.5901746749878,50.9137573242188,13.437126159668,,False,0,0.752763101366117,False,0,False,False,False,False,False
7.74,358.655395507813,1.07265794277191,1.45046675205231,1.58985888957977,12.5901746749878,50.9137573242188,13.437126159668,,False,0,0.752763877697863,False,0,False,False,False,False,False
7.76,358.64990234375,1.07265794277191,1.45046675205231,1.58985888957977,12.5901746749878,50.9137573242188,13.437126159668,,False,0,0.752764686524731,False,0,False,False,False,False,False
7.78,358.644409179688,1.07265794277191,1.45046675205231,1.58985888957977,12.5901746749878,50.9137573242188,13.437126159668,,False,0,0.752765527860296,False,0,False,False,False,False,False
7.8,358.638885498047,1.07265794277191,1.45046675205231,1.58985888957977,12.5901746749878,50.9137573242188,13.437126159668,,False,0,0.752766401677037,False,0,False,False,False,False,False
7.82,358.633392333984,1.07265794277191,1.45046675205231,1.58985888957977,12.5901746749878,50.9137573242188,13.437126159668,,False,0,0.752767307988575,False,0,False,False,False,False,False
7.84,358.628021240234,1.07265794277191,1.45046675205231,1.58985888957977,12.5901746749878,50.9137573242188,13.437126159668,,False,0,0.752768223524036,False,0,False,False,False,False,False
7.86,358.622680664063,1.07265794277191,1.45046675205231,1.58985888957977,12.5901746749878,50.9137573242188,13.437126159668,,False,0,0.752769169974554,False,0,False,False,False,False,False
7.88,358.617309570313,1.07265794277191,1.45046675205231,1.58985888957977,12.5901746749878,50.9137573242188,13.437126159668,,False,0,0.752770147362885,False,0,False,False,False,False,False
7.9,358.611938476563,1.07265794277191,1.45046675205231,1.58985888957977,12.5901746749878,50.9137573242188,13.437126159668,,False,0,0.752771155693674,False,0,False,False,False,False,False
7.92,358.606567382813,1.07265794277191,1.45046675205231,1.58985888957977,12.5901746749878,50.9137573242188,13.437126159668,,False,0,0.75277219492972,False,0,False,False,False,False,False
7.94,358.601226806641,1.07265794277191,1.45046675205231,1.58985888957977,12.5901746749878,50.9137573242188,13.437126159668,,False,0,0.752773265094069,False,0,False,False,False,False,False
7.96,358.595855712891,1.07265794277191,1.45046675205231,1.58985888957977,12.5901746749878,50.9137573242188,13.437126159668,,False,0,0.752774366191203,False,0,False,False,False,False,False
7.98,358.590606689453,1.07265794277191,1.45046675205231,1.58985888957977,12.5901746749878,50.9137573242188,13.437126159668,,False,0,0.752775469520442,False,0,False,False,False,False,False
8,358.585388183594,1.07265794277191,1.45046675205231,1.58985888957977,12.5901746749878,50.9137573242188,13.437126159668,,False,0,0.752776602273404,False,0,False,False,False,False,False
8.02,358.580169677734,1.07265794277191,1.45046675205231,1.58985888957977,12.5901746749878,50.9137573242188,13.437126159668,,False,0,0.75277776442249,False,0,False,False,False,False,False
8.04,358.574920654297,1.07265794277191,1.45046675205231,1.58985888957977,12.5901746749878,50.9137573242188,13.437126159668,,False,0,0.752778955972123,False,0,False,False,False,False,False
8.059999,358.569702148438,1.07265794277191,1.45046675205231,1.58985888957977,12.5901746749878,50.9137573242188,13.437126159668,,False,0,0.752780176922163,False,0,False,False,False,False,False
8.08,358.564453125,1.07265794277191,1.45046675205231,1.58985888957977,12.5901746749878,50.9137573242188,13.437126159668,,False,0,0.752781427272467,False,0,False,False,False,False,False
8.099999,358.559234619141,1.07265794277191,1.45046675205231,1.58985888957977,12.5901746749878,50.9137573242188,13.437126159668,,False,0,0.752782707022889,False,0,False,False,False,False,False
8.12,358.554138183594,1.07265794277191,1.45046675205231,1.58985888957977,12.5901746749878,50.9137573242188,13.437126159668,,False,0,0.752783982238062,False,0,False,False,False,False,False
8.139999,358.549041748047,1.07265794277191,1.45046675205231,1.58985888957977,12.5901746749878,50.9137573242188,13.437126159668,,False,0,0.752785285369279,False,0,False,False,False,False,False
8.16,358.5439453125,1.07265794277191,1.45046675205231,1.58985888957977,12.5901746749878,50.9137573242188,13.437126159668,,False,0,0.752786616402659,False,0,False,False,False,False,False
8.179999,358.538848876953,1.07265794277191,1.45046675205231,1.58985888957977,12.5901746749878,50.9137573242188,13.437126159668,,False,0,0.752787975356367,False,0,False,False,False,False,False
8.2,358.533752441406,1.07265794277191,1.45046675205231,1.58985888957977,12.5901746749878,50.9137573242188,13.437126159668,,False,0,0.752789362211939,False,0,False,False,False,False,False
8.22,358.528656005859,1.07265794277191,1.45046675205231,1.58985888957977,12.5901746749878,50.9137573242188,13.437126159668,,False,0,0.752790776987533,False,0,False,False,False,False,False
8.24,358.523559570313,1.07265794277191,1.45046675205231,1.58985888957977,12.5901746749878,50.9137573242188,13.437126159668,,False,0,0.75279221966468,False,0,False,False,False,False,False
8.26,358.518585205078,1.07265794277191,1.45046675205231,1.58985888957977,12.5901746749878,50.9137573242188,13.437126159668,,False,0,0.752793651204156,False,0,False,False,False,False,False
8.28,358.513641357422,1.07265794277191,1.45046675205231,1.58985888957977,12.5901746749878,50.9137573242188,13.437126159668,,False,0,0.752795109222976,False,0,False,False,False,False,False
8.3,358.508666992188,1.07265794277191,1.45046675205231,1.58985888957977,12.5901746749878,50.9137573242188,13.437126159668,,False,0,0.752796593669894,False,0,False,False,False,False,False
8.32,358.503692626953,1.07265794277191,1.45046675205231,1.58985888957977,12.5901746749878,50.9137573242188,13.437126159668,,False,0,0.752798104577328,False,0,False,False,False,False,False
8.34,358.498748779297,1.07265794277191,1.45046675205231,1.58985888957977,12.5901746749878,50.9137573242188,13.437126159668,,False,0,0.752799641958907,False,0,False,False,False,False,False
8.36,358.493774414063,1.07265794277191,1.45046675205231,1.58985888957977,12.5901746749878,50.9137573242188,13.437126159668,,False,0,0.752801205791373,False,0,False,False,False,False,False
8.38,358.488800048828,1.07265794277191,1.45046675205231,1.58985888957977,12.5901746749878,50.9137573242188,13.437126159668,,False,0,0.752802796116384,False,0,False,False,False,False,False
8.4,358.483856201172,1.07265794277191,1.45046675205231,1.58985888957977,12.5901746749878,50.9137573242188,13.437126159668,,False,0,0.752804412882681,False,0,False,False,False,False,False
8.42,358.47900390625,1.07265794277191,1.45046675205231,1.58985888957977,12.5901746749878,50.9137573242188,13.437126159668,,False,0,0.752806011349516,False,0,False,False,False,False,False
8.44,358.474182128906,1.07265794277191,1.45046675205231,1.58985888957977,12.5901746749878,50.9137573242188,13.437126159668,,False,0,0.752807634855332,False,0,False,False,False,False,False
8.46,358.469360351563,1.07265794277191,1.45046675205231,1.58985888957977,12.5901746749878,50.9137573242188,13.437126159668,,False,0,0.752809283409521,False,0,False,False,False,False,False
8.48,358.464538574219,1.07265794277191,1.45046675205231,1.58985888957977,12.5901746749878,50.9137573242188,13.437126159668,,False,0,0.752810957011916,False,0,False,False,False,False,False
8.5,358.459686279297,1.07265794277191,1.45046675205231,1.58985888957977,12.5901746749878,50.9137573242188,13.437126159668,,False,0,0.752812655662352,False,0,False,False,False,False,False
8.52,358.454864501953,1.07265794277191,1.45046675205231,1.58985888957977,12.5901746749878,50.9137573242188,13.437126159668,,False,0,0.752814379360657,False,0,False,False,False,False,False
8.54,358.450042724609,1.07265794277191,1.45046675205231,1.58985888957977,12.5901746749878,50.9137573242188,13.437126159668,,False,0,0.752816128106662,False,0,False,False,False,False,False
8.559999,358.445220947266,1.07265794277191,1.45046675205231,1.58985888957977,12.5901746749878,50.9137573242188,13.437126159668,,False,0,0.75281790190019,False,0,False,False,False,False,False
8.58,358.440521240234,1.07265794277191,1.45046675205231,1.58985888957977,12.5901746749878,50.9137573242188,13.437126159668,,False,0,0.752819650435048,False,0,False,False,False,False,False
8.599999,358.435821533203,1.07265794277191,1.45046675205231,1.58985888957977,12.5901746749878,50.9137573242188,13.437126159668,,False,0,0.752821422644894,False,0,False,False,False,False,False
8.62,358.431121826172,1.07265794277191,1.45046675205231,1.58985888957977,12.5901746749878,50.9137573242188,13.437126159668,,False,0,0.752823218529564,False,0,False,False,False,False,False
8.639999,358.426422119141,1.07265794277191,1.45046675205231,1.58985888957977,12.5901746749878,50.9137573242188,13.437126159668,,False,0,0.752825038079334,False,0,False,False,False,False,False
8.66,358.421722412109,1.07265794277191,1.45046675205231,1.58985888957977,12.5901746749878,50.9137573242188,13.437126159668,,False,0,0.752826881313136,False,0,False,False,False,False,False
8.679999,358.417022705078,1.07265794277191,1.45046675205231,1.58985888957977,12.5901746749878,50.9137573242188,13.437126159668,,False,0,0.752828748221246,False,0,False,False,False,False,False
8.7,358.412322998047,1.07265794277191,1.45046675205231,1.58985888957977,12.5901746749878,50.9137573242188,13.437126159668,,False,0,0.752830638803486,False,0,False,False,False,False,False
8.72,358.407775878906,1.07265794277191,1.45046675205231,1.58985888957977,12.5901746749878,50.9137573242188,13.437126159668,,False,0,0.752832498038111,False,0,False,False,False,False,False
8.74,358.403198242188,1.07265794277191,1.45046675205231,1.58985888957977,12.5901746749878,50.9137573242188,13.437126159668,,False,0,0.75283437961305,False,0,False,False,False,False,False
8.76,358.398651123047,1.07265794277191,1.45046675205231,1.58985888957977,12.5901746749878,50.9137573242188,13.437126159668,,False,0,0.752836283528138,False,0,False,False,False,False,False
8.78,358.394073486328,1.07265794277191,1.45046675205231,1.58985888957977,12.5901746749878,50.9137573242188,13.437126159668,,False,0,0.752838209783203,False,0,False,False,False,False,False
8.8,358.389526367188,1.07265794277191,1.45046675205231,1.58985888957977,12.5901746749878,50.9137573242188,13.437126159668,,False,0,0.752840158382843,False,0,False,False,False,False,False
8.82,358.384948730469,1.07265794277191,1.45046675205231,1.58985888957977,12.5901746749878,50.9137573242188,13.437126159668,,False,0,0.752842129322134,False,0,False,False,False,False,False
8.84,358.380401611328,1.07265794277191,1.45046675205231,1.58985888957977,12.5901746749878,50.9137573242188,13.437126159668,,False,0,0.752844122596098,False,0,False,False,False,False,False
8.86,358.375823974609,1.07265794277191,1.45046675205231,1.58985888957977,12.5901746749878,50.9137573242188,13.437126159668,,False,0,0.752846138209343,False,0,False,False,False,False,False
8.88,358.371276855469,1.07265794277191,1.45046675205231,1.58985888957977,12.5901746749878,50.9137573242188,13.437126159668,,False,0,0.752848176161689,False,0,False,False,False,False,False
8.9,358.366851806641,1.07265794277191,1.45046675205231,1.58985888957977,12.5901746749878,50.9137573242188,13.437126159668,,False,0,0.752850175537303,False,0,False,False,False,False,False
8.92,358.362426757813,1.07265794277191,1.45046675205231,1.58985888957977,12.5901746749878,50.9137573242188,13.437126159668,,False,0,0.75285219595694,False,0,False,False,False,False,False
8.94,358.358001708984,1.07265794277191,1.45046675205231,1.58985888957977,12.5901746749878,50.9137573242188,13.437126159668,,False,0,0.752854237420429,False,0,False,False,False,False,False
8.96,358.353546142578,1.07265794277191,1.45046675205231,1.58985888957977,12.5901746749878,50.9137573242188,13.437126159668,,False,0,0.752856299932404,False,0,False,False,False,False,False
8.98,358.34912109375,1.07265794277191,1.45046675205231,1.58985888957977,12.5901746749878,50.9137573242188,13.437126159668,,False,0,0.752858383487907,False,0,False,False,False,False,False
9,358.344696044922,1.07265794277191,1.45046675205231,1.58985888957977,12.5901746749878,50.9137573242188,13.437126159668,,False,0,0.752860488096502,False,0,False,False,False,False,False
9.02,358.340270996094,1.07265794277191,1.45046675205231,1.58985888957977,12.5901746749878,50.9137573242188,13.437126159668,,False,0,0.752862613738572,False,0,False,False,False,False,False
9.04,358.335845947266,1.07265794277191,1.45046675205231,1.58985888957977,12.5901746749878,50.9137573242188,13.437126159668,,False,0,0.75286476043353,False,0,False,False,False,False,False
9.059999,358.33154296875,1.07265794277191,1.45046675205231,1.58985888957977,12.5901746749878,50.9137573242188,13.437126159668,,False,0,0.752866862163713,False,0,False,False,False,False,False
9.08,358.327270507813,1.07265794277191,1.45046675205231,1.58985888957977,12.5901746749878,50.9137573242188,13.437126159668,,False,0,0.752868983670583,False,0,False,False,False,False,False
9.099999,358.322967529297,1.07265794277191,1.45046675205231,1.58985888957977,12.5901746749878,50.9137573242188,13.437126159668,,False,0,0.752871124973869,False,0,False,False,False,False,False
9.12,358.318664550781,1.07265794277191,1.45046675205231,1.58985888957977,12.5901746749878,50.9137573242188,13.437126159668,,False,0,0.752873286053507,False,0,False,False,False,False,False
9.139999,358.314361572266,1.07265794277191,1.45046675205231,1.58985888957977,12.5901746749878,50.9137573242188,13.437126159668,,False,0,0.752875466929221,False,0,False,False,False,False,False
9.16,358.310089111328,1.07265794277191,1.45046675205231,1.58985888957977,12.5901746749878,50.9137573242188,13.437126159668,,False,0,0.752877667580945,False,0,False,False,False,False,False
9.179999,358.305786132813,1.07265794277191,1.45046675205231,1.58985888957977,12.5901746749878,50.9137573242188,13.437126159668,,False,0,0.7528798880284,False,0,False,False,False,False,False
9.2,358.301483154297,1.07265794277191,1.45046675205231,1.58985888957977,12.5901746749878,50.9137573242188,13.437126159668,,False,0,0.752882128251516,False,0,False,False,False,False,False
9.22,358.297180175781,1.07265794277191,1.45046675205231,1.58985888957977,12.5901746749878,50.9137573242188,13.437126159668,,False,0,0.752884388270011,False,0,False,False,False,False,False
9.24,358.293029785156,1.07265794277191,1.45046675205231,1.58985888957977,12.5901746749878,50.9137573242188,13.437126159668,,False,0,0.752886596520619,False,0,False,False,False,False,False
9.26,358.288879394531,1.07265794277191,1.45046675205231,1.58985888957977,12.5901746749878,50.9137573242188,13.437126159668,,False,0,0.752888823359011,False,0,False,False,False,False,False
9.28,358.284698486328,1.07265794277191,1.45046675205231,1.58985888957977,12.5901746749878,50.9137573242188,13.437126159668,,False,0,0.752891068745084,False,0,False,False,False,False,False
9.3,358.280548095703,1.07265794277191,1.45046675205231,1.58985888957977,12.5901746749878,50.9137573242188,13.437126159668,,False,0,0.752893332708681,False,0,False,False,False,False,False
9.32,358.276397705078,1.07265794277191,1.45046675205231,1.58985888957977,12.5901746749878,50.9137573242188,13.437126159668,,False,0,0.752895615234603,False,0,False,False,False,False,False
9.34,358.272216796875,1.07265794277191,1.45046675205231,1.58985888957977,12.5901746749878,50.9137573242188,13.437126159668,,False,0,0.75289791632769,False,0,False,False,False,False,False
9.36,358.26806640625,1.07265794277191,1.45046675205231,1.58985888957977,12.5901746749878,50.9137573242188,13.437126159668,,False,0,0.752900235987774,False,0,False,False,False,False,False
9.38,358.263916015625,1.07265794277191,1.45046675205231,1.58985888957977,12.5901746749878,50.9137573242188,13.437126159668,,False,0,0.752902574214682,False,0,False,False,False,False,False
9.4,358.259887695313,1.07265794277191,1.45046675205231,1.58985888957977,12.5901746749878,50.9137573242188,13.437126159668,,False,0,0.752904854692843,False,0,False,False,False,False,False
9.42,358.255859375,1.07265794277191,1.45046675205231,1.58985888957977,12.5901746749878,50.9137573242188,13.437126159668,,False,0,0.752907152558968,False,0,False,False,False,False,False
9.44,358.251831054688,1.07265794277191,1.45046675205231,1.58985888957977,12.5901746749878,50.9137573242188,13.437126159668,,False,0,0.7529094678129,False,0,False,False,False,False,False
