timestamp,rotation,northRay,northwestRay,northeastRay,eastRay,southRay,westRay,fitness,doorClosed,checkpointMet,distanceFromPlayer,seesKey,mouseRotation,forwardButtonPressed,backButtonPressed,leftButtonPressed,rightButtonPressed,keyButtonPressed
1.64,,46.7486305236816,14.2958431243896,22.4736976623535,15.8913173675537,5.18323659896851,10.1086711883545,,,,,False,,,,,,
1.66,4.50367546081543,46.7486305236816,14.2958431243896,22.4736976623535,15.8913173675537,5.18323659896851,10.1086711883545,,False,0,16.4514064789074,False,0,False,False,False,False,False
1.68,4.5036792755127,46.7486305236816,14.2958431243896,22.4736976623535,15.8913173675537,5.18323659896851,10.1086711883545,,False,0,16.4514064789074,False,0,False,False,False,False,False
1.7,4.5036792755127,46.7486305236816,14.2958431243896,22.4736976623535,15.8913173675537,5.18323659896851,10.1086711883545,,False,0,16.4514064789074,False,0,False,False,False,False,False
1.72,4.5036792755127,46.7486305236816,14.2958431243896,22.4736976623535,15.8913173675537,5.18323659896851,10.1086711883545,,False,0,16.4514064789074,False,0,False,False,False,False,False
1.74,4.5036792755127,46.7486305236816,14.2958431243896,22.4736976623535,15.8913173675537,5.18323564529419,10.1086711883545,,False,0,16.4514064789074,False,0,False,False,False,False,False
1.76,4.5036792755127,46.7486305236816,14.2958431243896,22.4736976623535,15.8913173675537,5.18323564529419,10.1086711883545,,False,0,16.4514064789074,False,0,False,False,False,False,False
1.78,4.5036792755127,46.7486305236816,14.2958431243896,22.4736976623535,15.8913173675537,5.18323564529419,10.1086711883545,,False,0,16.4514064789074,False,0,False,False,False,False,False
1.8,4.5036792755127,46.7486305236816,14.2958431243896,22.4736976623535,15.8913173675537,5.18323564529419,10.1086711883545,,False,0,16.4514064789074,False,0,False,False,False,False,False
1.82,4.5036792755127,46.7486305236816,14.2958431243896,22.4736976623535,15.8913173675537,5.18323564529419,10.1086711883545,,False,0,16.4514064789074,False,0,False,False,False,False,False
1.84,4.5036792755127,46.7486305236816,14.2958431243896,22.4736976623535,15.8913173675537,5.18323564529419,10.1086711883545,,False,0,16.4514064789074,False,0,False,False,False,False,False
1.86,4.5036792755127,46.7486305236816,14.2958431243896,22.4736976623535,15.8913173675537,5.18323659896851,10.1086711883545,,False,0,16.4514064789074,False,0,False,False,False,False,False
1.88,4.5036792755127,46.7486305236816,14.295841217041,22.4736976623535,15.8913173675537,5.18323659896851,10.1086711883545,,False,0,16.4514064789074,False,0,False,False,False,False,False
1.9,4.5036792755127,46.7486305236816,14.295841217041,22.4736976623535,15.8913173675537,5.18323659896851,10.1086711883545,,False,0,16.4514064789074,False,0,False,False,False,False,False
1.92,4.5036792755127,46.7486305236816,14.295841217041,22.4736976623535,15.8913173675537,5.18323659896851,10.1086711883545,,False,0,16.4514064789074,False,0,False,False,False,False,False
1.94,4.5036792755127,46.7486305236816,14.295841217041,22.4736976623535,15.8913173675537,5.18323564529419,10.1086711883545,,False,0,16.4514064789074,False,0,False,False,False,False,False
1.96,4.5036792755127,46.7486305236816,14.295841217041,22.4736976623535,15.8913173675537,5.18323564529419,10.1086711883545,,False,0,16.4514064789074,False,0,False,False,False,False,False
1.98,4.5036792755127,46.7486305236816,14.295841217041,22.4736976623535,15.8913173675537,5.18323564529419,10.1086711883545,,False,0,16.4514064789074,False,0,False,False,False,False,False
2,4.5036792755127,46.7486305236816,14.295841217041,22.4736976623535,15.8913173675537,5.18323564529419,10.1086711883545,,False,0,16.4514064789074,False,0,False,False,False,False,False
2.02,4.5036792755127,46.7486305236816,14.295841217041,22.4736976623535,15.8913173675537,5.18323564529419,10.1086711883545,,False,0,16.4514064789074,False,0,False,False,False,False,False
2.04,4.5036792755127,46.7486305236816,14.295841217041,22.4736976623535,15.8913173675537,5.18323564529419,10.1086711883545,,False,0,16.4514064789074,False,0,False,False,False,False,False
2.06,4.5036792755127,46.7486305236816,14.295841217041,22.4736976623535,15.8913173675537,5.18323564529419,10.1086711883545,,False,0,16.4514064789074,False,0,False,False,False,False,False
2.08,4.5036792755127,46.7486305236816,14.295841217041,22.4736976623535,15.8913173675537,5.18323564529419,10.1086711883545,,False,0,16.4514064789074,False,0,False,False,False,False,False
2.1,4.5036792755127,46.7486305236816,14.295841217041,22.4736976623535,15.8913173675537,5.18323564529419,10.1086711883545,,False,0,16.4514064789074,False,0,False,False,False,False,False
2.12,4.5036792755127,46.7486305236816,14.295841217041,22.4736976623535,15.8913173675537,5.18323564529419,10.1086711883545,,False,0,16.4514064789074,False,0,False,False,False,False,False
2.14,4.5036792755127,46.7486305236816,14.295841217041,22.4736976623535,15.8913173675537,5.18323564529419,10.1086711883545,,False,0,16.4514064789074,False,0,False,False,False,False,False
2.16,4.5036792755127,46.7486305236816,14.295841217041,22.4736976623535,15.8913173675537,5.18323564529419,10.1086711883545,,False,0,16.4514064789074,False,0.225000008940697,False,False,False,False,False
2.18,3.97464752197266,46.7486305236816,14.295841217041,22.4736976623535,15.8913173675537,5.18323564529419,10.1086711883545,,False,0,16.4514064789074,False,0.225000008940697,False,False,False,False,False
2.2,3.44806551933289,46.8296699523926,15.2146587371826,21.2621288299561,15.9212436676025,5.19241762161255,10.1239175796509,,False,0,16.4514064789074,False,0.225000008940697,False,False,False,False,False
2.22,2.92359948158264,20.4302062988281,15.600058555603,20.8637828826904,15.9464054107666,5.2004451751709,10.1385259628296,,False,0,16.4514064789074,False,0.25,False,False,False,False,False
2.24,2.34294605255127,20.4302062988281,15.600058555603,20.8637828826904,15.9464054107666,5.2004451751709,10.1385259628296,,False,0,16.4514064789074,False,0,False,False,False,False,False
2.26,2.34294605255127,20.4302062988281,15.600058555603,20.8637828826904,15.9464054107666,5.2004451751709,10.1385259628296,,False,0,16.4514064789074,False,0,False,False,False,False,False
2.28,2.34294605255127,20.4302062988281,15.600058555603,20.8637828826904,15.9464054107666,5.2004451751709,10.1385259628296,,False,0,16.4514064789074,False,0,False,False,False,False,False
2.3,2.34294605255127,20.4302062988281,15.600058555603,20.8637828826904,15.9464054107666,5.2004451751709,10.1385259628296,,False,0,16.4514064789074,False,0,True,False,False,False,False
2.32,2.34451580047607,20.4082107543945,15.6028022766113,20.8614501953125,15.9446220397949,5.22245168685913,10.1403093338013,,False,0,16.4404462540681,False,0,True,False,False,False,False
2.34,2.34608793258667,20.4082107543945,15.6028022766113,20.8614501953125,15.9446220397949,5.22245168685913,10.1403093338013,,False,0,16.4294860866958,False,0,True,False,False,False,False
2.36,2.34970998764038,20.3577270507813,15.6090803146362,20.8561115264893,15.9405422210693,5.27292394638062,10.1443891525269,,False,0,16.4043493471371,False,0,True,False,False,False,False
2.38,2.35334372520447,20.3577270507813,15.6090803146362,20.8561115264893,15.9405422210693,5.27292394638062,10.1443891525269,,False,0,16.3792129133197,False,0,True,False,False,False,False
2.4,2.35916018486023,20.2772102355957,15.6191024780273,20.8475894927979,15.9340286254883,5.35345506668091,10.1509027481079,,False,0,16.3391069573294,False,0,True,False,False,False,False
2.42,2.36500573158264,20.2772102355957,15.6191024780273,20.8475894927979,15.9340286254883,5.35345506668091,10.1509027481079,,False,0,16.2990017880911,False,0.025000000372529,True,False,False,False,False
2.44,2.31418991088867,20.0064277648926,15.7126235961914,20.7599258422852,15.9315214157104,5.45587635040283,10.1628684997559,,False,0,16.2489681887153,False,0.025000000372529,True,False,False,False,False
2.46,2.26325106620789,20.0064277648926,15.7126235961914,20.7599258422852,15.9315214157104,5.45587635040283,10.1628684997559,,False,0,16.198924508471,False,0.0500000007450581,True,False,False,False,False
2.48,2.15612864494324,20.0064277648926,15.7126235961914,20.7599258422852,15.9315214157104,5.45587635040283,10.1628684997559,,False,0,16.1336514322023,False,0.0500000007450581,True,False,False,False,False
2.5,2.04866456985474,19.5156898498535,15.9900960922241,20.5119934082031,15.932713508606,5.65906429290771,10.1930799484253,,False,0,16.0683583159878,False,0.0500000007450581,True,False,False,False,False
2.52,1.94084668159485,19.440502166748,16.0017166137695,20.5024585723877,15.9253082275391,5.73424768447876,10.2004861831665,,False,0,16.0030442614899,False,0,True,False,False,False,False
2.54,1.95002460479736,19.440502166748,16.0017166137695,20.5024585723877,15.9253082275391,5.73424768447876,10.2004861831665,,False,0,15.9280639801608,False,0.0500000007450581,True,False,False,False,False
2.56,1.84483885765076,19.440502166748,16.0017166137695,20.5024585723877,15.9253082275391,5.73424768447876,10.2004861831665,,False,0,15.8377270560678,False,0.0500000007450581,True,False,False,False,False
2.58,1.73915588855743,19.0117206573486,16.3081226348877,20.2498168945313,15.9185733795166,6.01400756835938,10.2431888580322,,False,0,15.7473664672905,False,0.0500000007450581,True,False,False,False,False
2.6,1.63296222686768,18.9117279052734,16.3259124755859,20.2356033325195,15.9074001312256,6.11400651931763,10.2543630599976,,False,0,15.6569893230905,False,0,True,False,False,False,False
2.62,1.6434713602066,18.9117279052734,16.3259124755859,20.2356033325195,15.9074001312256,6.11400651931763,10.2543630599976,,False,0,15.5571822461313,False,0,True,False,False,False,False
2.64,1.65411651134491,18.9117279052734,16.3259124755859,20.2356033325195,15.9074001312256,6.11400651931763,10.2543630599976,,False,0,15.4573776496442,False,0,True,False,False,False,False
2.66,1.66490006446838,18.611722946167,16.379280090332,20.1929607391357,15.8738784790039,6.4140043258667,10.2878837585449,,False,0,15.3575755819888,False,0,True,False,False,False,False
2.68,1.675825715065,18.5117301940918,16.3970718383789,20.178747177124,15.8627052307129,6.51400279998779,10.2990579605103,,False,0,15.2577760927889,False,0,True,False,False,False,False
2.7,1.6868953704834,18.5117301940918,16.3970718383789,20.178747177124,15.8627052307129,6.51400279998779,10.2990579605103,,False,0,15.1579792329738,False,0,True,False,False,False,False
2.72,1.6981121301651,18.5117301940918,16.3970718383789,20.178747177124,15.8627052307129,6.51400279998779,10.2990579605103,,False,0,15.0581850548216,False,0,True,False,False,False,False
2.74,1.70947921276093,18.2117347717285,16.450439453125,20.1361064910889,15.8291835784912,6.81399965286255,10.3325786590576,,False,0,14.9583936120041,False,0,True,False,False,False,False
2.76,1.72099983692169,18.2117347717285,16.450439453125,20.1361064910889,15.8291835784912,6.81399965286255,10.3325786590576,,False,0,14.8586049596333,False,0,True,False,False,False,False
2.78,1.7326762676239,18.0117301940918,16.4860191345215,20.1076774597168,15.8068370819092,7.01399707794189,10.3549289703369,,False,0,14.7588191543103,False,0,True,False,False,False,False
2.8,1.7445125579834,18.0117301940918,16.4860191345215,20.1076774597168,15.8068370819092,7.01399707794189,10.3549289703369,,False,0,14.6590362541757,False,0,True,False,False,False,False
2.82,1.75651133060455,17.8117332458496,16.5215892791748,20.0792484283447,15.7844896316528,7.21399402618408,10.3772764205933,,False,0,14.5592563189623,False,0,True,False,False,False,False
2.84,1.76867616176605,17.8117332458496,16.5215892791748,20.0792484283447,15.7844896316528,7.21399402618408,10.3772764205933,,False,0,14.4594794100497,False,0,True,False,False,False,False
2.86,1.78101086616516,17.6117401123047,16.5571689605713,20.0508193969727,15.7621421813965,7.41399192810059,10.3996238708496,,False,0,14.3597055905217,False,0,True,False,False,False,False
2.88,1.79351937770844,17.6117401123047,16.5571689605713,20.0508193969727,15.7621421813965,7.41399192810059,10.3996238708496,,False,0,14.2599349252258,False,0,True,False,False,False,False
2.9,1.80620408058167,17.411735534668,16.5927467346191,20.022388458252,15.7397947311401,7.61398935317993,10.421971321106,,False,0,14.1601674808348,False,0,True,False,False,False,False
2.92,1.81906962394714,17.411735534668,16.5927467346191,20.022388458252,15.7397947311401,7.61398935317993,10.421971321106,,False,0,14.0604033259118,False,0,True,False,False,False,False
2.94,1.83211934566498,17.2117347717285,16.6283264160156,19.9939613342285,15.7174510955811,7.81398725509644,10.4443187713623,,False,0,13.9606425309773,False,0,True,False,False,False,False
2.96,1.84535813331604,17.2117347717285,16.6283264160156,19.9939613342285,15.7174510955811,7.81398725509644,10.4443187713623,,False,0,13.86088516858,False,0,True,False,False,False,False
2.98,1.85878920555115,17.2117347717285,16.6283264160156,19.9939613342285,15.7174510955811,7.81398725509644,10.4443187713623,,False,0,13.7611313133692,False,0,True,False,False,False,False
3,1.87241780757904,16.9117336273193,16.6816940307617,19.9513187408447,15.6839303970337,8.11398410797119,10.4778394699097,,False,0,13.6613810421792,False,0,True,False,False,False,False
3.02,1.8862476348877,16.8117332458496,16.69948387146,19.937105178833,15.6727561950684,8.21398258209229,10.4890127182007,,False,0,13.5616344340741,False,0,True,False,False,False,False
3.04,1.90028262138367,16.8117332458496,16.69948387146,19.937105178833,15.6727561950684,8.21398258209229,10.4890127182007,,False,0,13.4618915704999,False,0,True,False,False,False,False
3.06,1.91452825069427,16.8117332458496,16.69948387146,19.937105178833,15.6727561950684,8.21398258209229,10.4890127182007,,False,0,13.3621525353042,False,0,True,False,False,False,False
3.08,1.9289892911911,16.5117435455322,16.7528533935547,19.8944625854492,15.639235496521,8.51397895812988,10.5225353240967,,False,0,13.26241741486,False,0,True,False,False,False,False
3.1,1.94366991519928,16.4117393493652,16.7706432342529,19.8802490234375,15.6280612945557,8.61397838592529,10.5337085723877,,False,0,13.1626862981547,False,0,True,False,False,False,False
3.12,1.95857572555542,16.4117393493652,16.7706432342529,19.8802490234375,15.6280612945557,8.61397838592529,10.5337085723877,,False,0,13.0629592768898,False,0,True,False,False,False,False
3.14,1.97371256351471,16.4117393493652,16.7706432342529,19.8802490234375,15.6280612945557,8.61397838592529,10.5337085723877,,False,0,12.9632364455847,False,0,True,False,False,False,False
3.16,1.98908448219299,16.1117477416992,16.824010848999,19.8376083374023,15.5945405960083,8.91397476196289,10.567232131958,,False,0,12.8635179016859,False,0,True,False,False,False,False
3.18,2.0046980381012,16.1117477416992,16.824010848999,19.8376083374023,15.5945405960083,8.91397476196289,10.567232131958,,False,0,12.7638037456808,False,0,True,False,False,False,False
3.2,2.02055883407593,15.9117393493652,16.8595905303955,19.8091793060303,15.572193145752,9.11397266387939,10.5895795822144,,False,0,12.6640940812171,False,0,True,False,False,False,False
3.22,2.03667187690735,15.9117393493652,16.8595905303955,19.8091793060303,15.572193145752,9.11397266387939,10.5895795822144,,False,0,12.5643890152282,False,0,True,False,False,False,False
3.24,2.05304408073425,15.7117414474487,16.895170211792,19.7807521820068,15.5498456954956,9.3139705657959,10.6119270324707,,False,0,12.4646886580635,False,0,True,False,False,False,False
3.26,2.06968188285828,15.7117414474487,16.895170211792,19.7807521820068,15.5498456954956,9.3139705657959,10.6119270324707,,False,0,12.3649931236265,False,0,True,False,False,False,False
3.28,2.08659148216248,15.5117416381836,16.9307479858398,19.7523250579834,15.5274982452393,9.51396751403809,10.6342754364014,,False,0,12.2653025295182,False,0,True,False,False,False,False
3.3,2.10377907752991,15.5117416381836,16.9307479858398,19.7523250579834,15.5274982452393,9.51396751403809,10.6342754364014,,False,0,12.1656169971887,False,0,True,False,False,False,False
3.32,2.12125205993652,15.3117437362671,16.9663276672363,19.7238960266113,15.5051507949829,9.71396541595459,10.6566228866577,,False,0,12.065936652095,False,0,True,False,False,False,False
3.34,2.13901805877686,15.3117437362671,16.9663276672363,19.7238960266113,15.5051507949829,9.71396541595459,10.6566228866577,,False,0,11.966261623868,False,0,True,False,False,False,False
3.36,2.15708351135254,15.1117382049561,17.0019073486328,19.6954689025879,15.4828004837036,9.91396331787109,10.6789703369141,,False,0,11.8665920464868,False,0,True,False,False,False,False
3.38,2.175457239151,15.1117382049561,17.0019073486328,19.6954689025879,15.4828004837036,9.91396331787109,10.6789703369141,,False,0,11.7669280584627,False,0,True,False,False,False,False
3.4,2.19414591789246,14.9117488861084,17.0374851226807,19.6670417785645,15.4604539871216,10.1139612197876,10.7013177871704,,False,0,11.6672698030316,False,0,True,False,False,False,False
3.42,2.21315884590149,14.9117488861084,17.0374851226807,19.6670417785645,15.4604539871216,10.1139612197876,10.7013177871704,,False,0,11.5676174283571,False,0,True,False,False,False,False
3.44,2.23250436782837,14.7117576599121,17.0730648040771,19.6386127471924,15.4381065368652,10.3139581680298,10.7236652374268,,False,0,11.467971087744,False,0,True,False,False,False,False
3.46,2.25219011306763,14.7117576599121,17.0730648040771,19.6386127471924,15.4381065368652,10.3139581680298,10.7236652374268,,False,0,11.3683309398626,False,0,True,False,False,False,False
3.48,2.27222609519959,14.7117576599121,17.0730648040771,19.6386127471924,15.4381065368652,10.3139581680298,10.7236652374268,,False,0,11.2686971489851,False,0,True,False,False,False,False
3.5,2.29262256622314,14.4117527008057,17.1264400482178,19.5959663391113,15.4045848846436,10.6139545440674,10.7571868896484,,False,0,11.1690698852347,False,0,True,False,False,False,False
3.52,2.31338739395142,14.3117551803589,17.144229888916,19.5817527770996,15.3934116363525,10.7139530181885,10.7683601379395,,False,0,11.0694493248477,False,0,True,False,False,False,False
3.54,2.33453249931335,14.3117551803589,17.144229888916,19.5817527770996,15.3934116363525,10.7139530181885,10.7683601379395,,False,0,10.9698356504502,False,0,True,False,False,False,False
3.56,2.35606622695923,14.3117551803589,17.144229888916,19.5817527770996,15.3934116363525,10.7139530181885,10.7683601379395,,False,0,10.8702290513498,False,0,True,False,False,False,False
3.58,2.37800240516663,14.0117483139038,17.1975975036621,19.5391120910645,15.3598899841309,11.0139493942261,10.8018808364868,,False,0,10.7706297238431,False,0,True,False,False,False,False
3.6,2.40034914016724,13.9117498397827,17.2153873443604,19.5248966217041,15.3487167358398,11.1139488220215,10.8130550384521,,False,0,10.6710378715409,False,0,True,False,False,False,False
3.62,2.42312049865723,13.9117498397827,17.2153873443604,19.5248966217041,15.3487167358398,11.1139488220215,10.8130550384521,,False,0,10.571453705711,False,0,True,False,False,False,False
3.64,2.44632744789124,13.9117498397827,17.2153873443604,19.5248966217041,15.3487167358398,11.1139488220215,10.8130550384521,,False,0,10.471877445641,False,0,True,False,False,False,False
3.66,2.46998405456543,13.6117544174194,17.2687549591064,19.4822559356689,15.3151960372925,11.4139451980591,10.8465757369995,,False,0,10.3723093190215,False,0,True,False,False,False,False
3.68,2.49410104751587,13.6117544174194,17.2687549591064,19.4822559356689,15.3151960372925,11.4139451980591,10.8465757369995,,False,0,10.2727495623518,False,0,True,False,False,False,False
3.7,2.5186939239502,13.4117498397827,17.3043346405029,19.4538269042969,15.2928485870361,11.6139430999756,10.8689231872559,,False,0,10.1731984213689,False,0,True,False,False,False,False
3.72,2.54377698898315,13.4117498397827,17.3043346405029,19.4538269042969,15.2928485870361,11.6139430999756,10.8689231872559,,False,0,10.0736561515017,False,0,True,False,False,False,False
3.74,2.56936359405518,13.2117576599121,17.3399143218994,19.4253997802734,15.2705011367798,11.8139400482178,10.8912715911865,,False,0,9.97412301835292,False,0,True,False,False,False,False
3.76,2.53961706161499,13.2117576599121,17.3399143218994,19.4253997802734,15.2705011367798,11.8139400482178,10.8912715911865,,False,0,9.97215421911812,False,0,True,False,False,False,False
3.78,2.50913071632385,13.0117616653442,17.3754920959473,19.39697265625,15.2481536865234,12.0139379501343,10.9136190414429,,False,0,9.97003914720419,False,0,True,False,False,False,False
3.8,2.47762799263,13.0117616653442,17.3754920959473,19.39697265625,15.2481536865234,12.0139379501343,10.9136190414429,,False,0,9.9677143885767,False,0,True,False,False,False,False
3.82,2.44470000267029,12.8117685317993,17.4110717773438,19.3685436248779,15.2258062362671,12.2139358520508,10.9359674453735,,False,0,9.96508757880641,False,0,True,False,False,False,False
3.84,2.4097888469696,12.8117685317993,17.4110717773438,19.3685436248779,15.2258062362671,12.2139358520508,10.9359674453735,,False,0,9.96203436383586,False,0,True,False,False,False,False
3.86,2.37212920188904,12.6117658615112,17.4140434265137,19.3401165008545,15.2034587860107,12.413932800293,10.9583148956299,,False,0,9.95837112958679,False,0,True,False,False,False,False
3.88,2.33066391944885,12.6117658615112,17.4140434265137,19.3401165008545,15.2034587860107,12.413932800293,10.9583148956299,,False,0,9.95383215432791,False,0,True,False,False,False,False
3.9,2.28397607803345,12.6117658615112,17.4140434265137,19.3401165008545,15.2034587860107,12.413932800293,10.9583148956299,,False,0,9.94803310206081,False,0,True,False,False,False,False
3.92,2.23015856742859,12.3117618560791,17.4673137664795,19.2974758148193,15.1699380874634,12.7139291763306,10.9918355941772,,False,0,9.94040500271574,False,0,True,False,False,False,False
3.94,2.1667366027832,12.2117557525635,17.4851016998291,19.283260345459,15.158766746521,12.8139276504517,11.0030097961426,,False,0,9.93009406100792,False,0,True,False,False,False,False
3.96,2.09060001373291,12.2117557525635,17.4851016998291,19.283260345459,15.158766746521,12.8139276504517,11.0030097961426,,False,0,9.91579631386832,False,0,True,False,False,False,False
3.98,1.99819195270538,12.2117557525635,17.4851016998291,19.283260345459,15.158766746521,12.8139276504517,11.0030097961426,,False,0,9.89549811893715,False,0,True,False,False,False,False
4,1.88617932796478,11.9117517471313,17.5384712219238,19.2406196594238,15.1252431869507,13.1139259338379,11.0365304946899,,False,0,9.86604454136371,False,0,True,False,False,False,False
4.02,1.75359416007996,11.8117609024048,17.5562610626221,19.2264060974121,15.1140718460083,13.213924407959,11.047703742981,,False,0,9.82252383613703,False,0,True,False,False,False,False
4.04,1.60798442363739,11.8117609024048,17.5562610626221,19.2264060974121,15.1140718460083,13.213924407959,11.047703742981,,False,0,9.75767574015275,False,0.025000000372529,True,False,False,False,False
4.06,1.42460238933563,11.8117609024048,17.5562610626221,19.2264060974121,15.1140718460083,13.213924407959,11.047703742981,,False,0,9.66368671149145,False,0.025000000372529,True,False,False,False,False
4.08,1.34653913974762,11.4799900054932,17.7571353912354,19.0830459594727,15.0908584594727,13.5239953994751,11.0906209945679,,False,0,9.55483490438,False,0.025000000372529,True,False,False,False,False
4.1,1.27221703529358,11.4799900054932,17.7571353912354,19.0830459594727,15.0908584594727,13.5239953994751,11.0906209945679,,False,0,9.42541686889339,False,0.025000000372529,True,False,False,False,False
4.12,1.20012879371643,11.2627124786377,17.8950996398926,18.9873657226563,15.0746288299561,13.7311687469482,11.1206274032593,,False,0,9.25153288897816,False,0.025000000372529,True,False,False,False,False
4.14,1.1529848575592,11.2627124786377,17.8950996398926,18.9873657226563,15.0746288299561,13.7311687469482,11.1206274032593,,False,0,9.06557601720595,False,0,True,False,False,False,False
4.16,1.18327653408051,11.0627088546753,17.9346942901611,18.9564323425293,15.0500707626343,13.931170463562,11.1451864242554,,False,0,8.8739901924611,False,0,True,False,False,False,False
4.18,1.2277318239212,11.0627088546753,17.9346942901611,18.9564323425293,15.0500707626343,13.931170463562,11.1451864242554,,False,0,8.67946571633344,False,0.025000000372529,True,False,False,False,False
4.2,1.22406196594238,10.8484907150269,18.0761775970459,18.8607864379883,15.0332307815552,14.1388273239136,11.1763172149658,,False,0,8.48332238797658,False,0.025000000372529,True,False,False,False,False
4.22,1.22743165493011,10.8484907150269,18.0761775970459,18.8607864379883,15.0332307815552,14.1388273239136,11.1763172149658,,False,0,8.28627250765325,False,0.025000000372529,True,False,False,False,False
4.24,1.23627758026123,10.6367626190186,18.2210483551025,18.7650318145752,15.0157804489136,14.3468751907349,11.2085752487183,,False,0,8.08871490268452,False,0.025000000372529,True,False,False,False,False
4.26,1.24973034858704,10.6367626190186,18.2210483551025,18.7650318145752,15.0157804489136,14.3468751907349,11.2085752487183,,False,0,7.89088612013253,False,0.0500000007450581,True,False,False,False,False
4.28,1.2088748216629,10.6367626190186,18.2210483551025,18.7650318145752,15.0157804489136,14.3468751907349,11.2085752487183,,False,0,7.6929098477535,False,0.0500000007450581,True,False,False,False,False
4.3,1.17118620872498,10.3145303726196,18.6078205108643,18.5285339355469,15.001314163208,14.673152923584,11.2705631256104,,False,0,7.49486771133131,False,0.0500000007450581,True,False,False,False,False
4.32,1.13659572601318,10.2125625610352,18.6866607666016,18.4803981781006,14.9914588928223,14.7778472900391,11.2887926101685,,False,0,7.29680423067701,False,0.025000000372529,True,False,False,False,False
4.34,1.16371381282806,10.2125625610352,18.6866607666016,18.4803981781006,14.9914588928223,14.7778472900391,11.2887926101685,,False,0,7.09876351063828,False,0.025000000372529,True,False,False,False,False
4.36,1.19502472877502,10.2125625610352,18.6866607666016,18.4803981781006,14.9914588928223,14.7778472900391,11.2887926101685,,False,0,6.90076924207367,False,0.025000000372529,True,False,False,False,False
4.38,1.23086440563202,9.909423828125,18.9287204742432,18.3358421325684,14.960973739624,15.0925645828247,11.3451890945435,,False,0,6.70283236388146,False,0.025000000372529,True,False,False,False,False
4.4,1.27157557010651,9.909423828125,18.9287204742432,18.3358421325684,14.960973739624,15.0925645828247,11.3451890945435,,False,0,6.5049665134774,False,0.025000000372529,True,False,False,False,False
4.42,1.31760263442993,9.70950222015381,19.0947952270508,18.2393341064453,14.9398822784424,15.3029232025146,11.3842096328735,,False,0,6.30717688048583,False,0.025000000372529,True,False,False,False,False
4.44,1.36943435668945,9.70950222015381,19.0947952270508,18.2393341064453,14.9398822784424,15.3029232025146,11.3842096328735,,False,0,6.1094768462548,False,0.025000000372529,True,False,False,False,False
4.46,1.42763590812683,9.51119327545166,19.2647151947021,18.142728805542,14.918173789978,15.5137243270874,11.424373626709,,False,0,5.91187688641193,False,0.025000000372529,True,False,False,False,False
4.48,1.4928697347641,9.51119327545166,19.2647151947021,18.142728805542,14.918173789978,15.5137243270874,11.424373626709,,False,0,5.71438183185084,False,0.025000000372529,True,False,False,False,False
4.5,1.56588304042816,9.31442165374756,19.4385623931885,18.046012878418,14.8958444595337,15.7249813079834,11.4656896591187,,False,0,5.51700893537857,False,0.025000000372529,True,False,False,False,False
4.52,1.64752531051636,9.31442165374756,19.4385623931885,18.046012878418,14.8958444595337,15.7249813079834,11.4656896591187,,False,0,5.31976487906149,False,0.0500000007450581,True,False,False,False,False
4.54,1.6799111366272,9.12530899047852,19.7392921447754,17.8935985565186,14.8837118148804,15.9487285614014,11.5173807144165,,False,0,5.12265202615999,False,0.0500000007450581,True,False,False,False,False
4.56,1.72179079055786,9.12530899047852,19.7392921447754,17.8935985565186,14.8837118148804,15.9487285614014,11.5173807144165,,False,0,4.92568357052845,False,0.025000000372529,True,False,False,False,False
4.58,1.83340466022491,9.12530899047852,19.7392921447754,17.8935985565186,14.8837118148804,15.9487285614014,11.5173807144165,,False,0,4.72888860027907,False,0.025000000372529,True,False,False,False,False
4.6,1.95849823951721,8.83719062805176,20.019495010376,17.772590637207,14.8472127914429,16.2676734924316,11.5849523544312,,False,0,4.5322862045704,False,0.025000000372529,True,False,False,False,False
4.62,2.09893369674683,8.74180507659912,20.1150150299072,17.7238922119141,14.8347339630127,16.374231338501,11.608057975769,,False,0,4.33590097049693,False,0.025000000372529,True,False,False,False,False
4.64,2.25689101219177,8.74180507659912,20.1150150299072,17.7238922119141,14.8347339630127,16.374231338501,11.608057975769,,False,0,4.13976475360604,False,0,True,False,False,False,False
4.66,2.49446702003479,8.74180507659912,20.1150150299072,17.7238922119141,14.8347339630127,16.374231338501,11.608057975769,,False,0,3.94392946274516,False,0,True,False,False,False,False
4.68,2.75721383094788,8.44181060791016,20.2115325927734,17.6575565338135,14.7791347503662,16.6742248535156,11.6636571884155,,False,0,3.74844226335254,False,0,True,False,False,False,False
4.7,3.04934310913086,8.44181060791016,20.2115325927734,17.6575565338135,14.7791347503662,16.6742248535156,11.6636571884155,,False,0,3.55336060637442,False,0,True,False,False,False,False
4.72,3.376056432724,8.24181747436523,20.27587890625,17.6133346557617,14.7420673370361,16.8742218017578,11.7007236480713,,False,0,3.35875515613259,False,0,True,False,False,False,False
4.74,3.74385595321655,8.24181747436523,20.27587890625,17.6133346557617,14.7420673370361,16.8742218017578,11.7007236480713,,False,0,3.16471376295371,False,0.025000000372529,True,False,False,False,False
4.76,4.10031509399414,8.05133819580078,20.4712257385254,17.516170501709,14.7165565490723,17.0881214141846,11.7478866577148,,False,0,2.97131170542176,False,0.025000000372529,True,False,False,False,False
4.78,4.51377248764038,8.05133819580078,20.4712257385254,17.516170501709,14.7165565490723,17.0881214141846,11.7478866577148,,False,0,2.7786807611578,False,0.0750000029802322,False,False,False,False,False
4.8,4.84598636627197,7.91718006134033,20.9338245391846,17.3235263824463,14.7209701538086,17.3023853302002,11.8116836547852,,False,0,2.60166787246222,False,0.0750000029802322,False,False,False,False,False
4.82,5.24781847000122,7.91718006134033,20.9338245391846,17.3235263824463,14.7209701538086,17.3023853302002,11.8116836547852,,False,0,2.42559828630695,False,0.200000002980232,False,False,False,False,False
4.84,5.40278959274292,7.92824792861938,22.1754341125488,16.8804512023926,14.801944732666,17.5877704620361,11.9368553161621,,False,0,2.26014252479402,False,0.200000002980232,False,False,False,False,False
4.86,5.64083003997803,7.92824792861938,22.1754341125488,16.8804512023926,14.801944732666,17.5877704620361,11.9368553161621,,False,0,2.0958000761073,False,0.574999988079071,False,False,False,False,False
4.88,5.01526021957397,7.92824792861938,22.1754341125488,16.8804512023926,14.801944732666,17.5877704620361,11.9368553161621,,False,0,1.94719627592062,False,0.574999988079071,False,False,False,False,False
4.9,4.47034645080566,37.4130935668945,29.9452743530273,15.5631628036499,15.479022026062,18.6467800140381,12.5876874923706,,False,0,1.79969227779572,False,0.574999988079071,False,False,False,False,False
4.92,4.02337741851807,37.463005065918,30.4677867889404,15.4999313354492,15.4999475479126,18.7476501464844,12.6422510147095,,False,0,1.65357277415625,False,0.0750000029802322,False,False,False,False,False
4.94,4.89030647277832,37.463005065918,30.4677867889404,15.4999313354492,15.4999475479126,18.7476501464844,12.6422510147095,,False,0,1.51885131920624,False,0.150000005960464,False,False,False,False,False
4.96,5.71279954910278,37.463005065918,30.4677867889404,15.4999313354492,15.4999475479126,18.7476501464844,12.6422510147095,,False,0,1.40169073787255,False,0.150000005960464,False,False,False,False,False
4.98,6.74969863891602,34.1538963317871,33.8068428039551,15.2191247940063,15.7227039337158,19.1796340942383,12.9071455001831,,False,0,1.28751366632244,False,0.150000005960464,False,False,False,False,False
5,8.06529903411865,33.03857421875,35.3022003173828,15.1246318817139,15.8245410919189,19.3433895111084,13.0116786956787,,False,0,1.17714620380244,False,0.174999997019768,False,False,False,False,False
5.02,9.59115982055664,33.03857421875,35.3022003173828,15.1246318817139,15.8245410919189,19.3433895111084,13.0116786956787,,False,0,1.08112314614648,False,0.450000017881393,False,False,False,False,False
5.04,10.6343564987183,33.03857421875,35.3022003173828,15.1246318817139,15.8245410919189,19.3433895111084,13.0116786956787,,False,0,1.00441647931959,False,0.450000017881393,False,False,False,False,False
5.06,12.0485162734985,26.6627769470215,35.3155097961426,14.6096277236938,16.8802375793457,20.6855735778809,13.9049663543701,,False,0,0.934039061552095,False,0.450000017881393,False,False,False,False,False
5.08,13.9163055419922,26.6627769470215,35.3155097961426,14.6096277236938,16.8802375793457,20.6855735778809,13.9049663543701,,False,0,0.871474757742183,False,0.0750000029802322,False,False,False,False,False
5.1,17.2363109588623,26.1261978149414,35.2148094177246,14.5684833526611,17.0233421325684,20.8610343933105,14.0221691131592,,False,0,0.827156702598032,False,0.0750000029802322,False,False,False,False,False
5.12,21.3014888763428,26.1261978149414,35.2148094177246,14.5684833526611,17.0233421325684,20.8610343933105,14.0221691131592,,False,0,0.793059217505702,False,0.425000011920929,False,False,False,False,False
5.14,24.9372634887695,23.5234489440918,34.7667961120605,14.3862161636353,17.9431095123291,19.3416843414307,14.7488021850586,,False,0,0.770604096503478,False,0.425000011920929,False,False,False,False,False
5.16,29.2789440155029,23.5234489440918,34.7667961120605,14.3862161636353,17.9431095123291,19.3416843414307,14.7488021850586,,False,0,0.760735106536627,False,0.325000017881393,False,False,False,False,False
5.18,34.821949005127,21.93359375,34.55859375,14.3023519515991,18.789098739624,18.0297966003418,15.440185546875,,False,0,0.763940186650003,False,0.325000017881393,False,False,False,False,False
5.2,41.1306457519531,21.93359375,34.55859375,14.3023519515991,18.789098739624,18.0297966003418,15.440185546875,,False,0,0.780058198426621,False,0.875,False,False,False,False,False
5.22,44.3107109069824,18.8212985992432,7.40844535827637,14.3064088821411,21.908483505249,15.4617385864258,17.9922618865967,,False,0,0.808317050901737,False,0.875,False,False,False,False,False
5.24,46.9748344421387,18.8212985992432,7.40844535827637,14.3064088821411,21.908483505249,15.4617385864258,17.9922618865967,,False,0,0.847503152983264,False,0.550000011920929,False,False,False,False,False
5.26,51.2783432006836,18.8212985992432,7.40844535827637,14.3064088821411,21.908483505249,15.4617385864258,17.9922618865967,,False,0,0.896184250891995,False,0.550000011920929,False,False,False,False,False
5.28,54.9403915405273,16.9179782867432,7.4692120552063,14.6213998794556,20.700798034668,13.8913688659668,21.8723258972168,,False,0,0.952906242223914,False,0.550000011920929,False,False,False,False,False
5.3,57.8242530822754,16.0870609283447,36.1174049377441,14.9618921279907,19.7134876251221,13.2248506546021,25.3605251312256,,False,0,1.01632370782342,False,0.975000023841858,False,False,False,False,False
5.32,56.289192199707,16.0870609283447,36.1174049377441,14.9618921279907,19.7134876251221,13.2248506546021,25.3605251312256,,False,0,1.08526352992752,False,0.925000011920929,False,False,False,False,False
5.34,54.415153503418,16.0870609283447,36.1174049377441,14.9618921279907,19.7134876251221,13.2248506546021,25.3605251312256,,False,0,1.15874046161759,False,0.925000011920929,False,False,False,False,False
5.36,51.9542427062988,14.6856002807617,27.4523944854736,16.716682434082,18.0017223358154,12.0672588348389,35.4339065551758,,False,0,1.23594557448171,False,0.925000011920929,False,False,False,False,False
5.38,49.0771179199219,14.6856002807617,27.4523944854736,16.716682434082,18.0017223358154,12.0672588348389,35.4339065551758,,False,0,1.31622298508433,False,1.45000004768372,False,False,False,False,False
5.4,42.5471725463867,14.2746381759644,19.9121284484863,20.5005016326904,17.507080078125,11.7283897399902,7.82789993286133,,False,0,1.39904392623672,False,1.45000004768372,False,False,False,False,False
5.42,36.6094436645508,14.2746381759644,19.9121284484863,20.5005016326904,17.507080078125,11.7283897399902,7.82789993286133,,False,0,1.4839825963628,False,0.650000035762787,False,False,False,False,False
5.44,35.1624908447266,14.3915061950684,18.0459957122803,22.1072521209717,17.6555290222168,11.8253803253174,7.27342128753662,,False,0,1.57069547104699,False,0.650000035762787,False,False,False,False,False
5.46,33.5761222839355,14.3915061950684,18.0459957122803,22.1072521209717,17.6555290222168,11.8253803253174,7.27342128753662,,False,0,1.65890435436154,False,1.10000002384186,False,False,False,False,False
5.48,29.8483200073242,15.0371179580688,15.963171005249,19.5945644378662,18.4578456878662,12.3597469329834,36.2640991210938,,False,0,1.74838283243797,False,1.10000002384186,False,False,False,False,False
5.5,26.3675842285156,15.0371179580688,15.963171005249,19.5945644378662,18.4578456878662,12.3597469329834,36.2640991210938,,False,0,1.83894558872758,False,0.775000035762787,False,False,False,False,False
5.52,24.3185901641846,15.8917665481567,15.0790281295776,18.5172882080078,19.5153522491455,13.0667686462402,32.4496536254883,,False,0,1.9304400289906,False,0.775000035762787,False,False,False,False,False
5.54,22.3085651397705,15.8917665481567,15.0790281295776,18.5172882080078,19.5153522491455,13.0667686462402,32.4496536254883,,False,0,2.02273972879603,False,1.17500007152557,False,False,False,False,False
5.56,19.0363903045654,18.0700283050537,14.3746042251587,17.6645908355713,19.1164569854736,14.8425254821777,23.2661018371582,,False,0,2.11573930177202,False,1.17500007152557,False,False,False,False,False
5.58,15.9933061599731,18.0700283050537,14.3746042251587,17.6645908355713,19.1164569854736,14.8425254821777,23.2661018371582,,False,0,2.20935036908317,False,0.375,False,False,False,False,False
5.6,15.3962230682373,18.0700283050537,14.3746042251587,17.6645908355713,19.1164569854736,14.8425254821777,23.2661018371582,,False,0,2.30349838102076,False,0.375,False,False,False,False,False
5.62,14.7697954177856,19.6601409912109,14.2658414840698,17.5370063781738,17.0537490844727,16.1552848815918,20.7470951080322,,False,0,2.39812009854694,False,0.375,False,False,False,False,False
5.64,14.119532585144,19.8247261047363,14.2628765106201,17.5339050292969,16.8993492126465,16.2911567687988,20.558464050293,,False,0,2.49316158730968,False,0.100000001490116,False,False,False,False,False
5.66,14.2181091308594,19.8247261047363,14.2628765106201,17.5339050292969,16.8993492126465,16.2911567687988,20.558464050293,,False,0,2.58857661109545,False,0.125,False,False,False,False,False
5.68,14.2191944122314,20.2553730010986,14.2602081298828,17.5319862365723,16.5307655334473,16.6466827392578,20.1080951690674,,False,0,2.68432533800887,False,0.125,False,False,False,False,False
5.7,14.1958999633789,20.2553730010986,14.2602081298828,17.5319862365723,16.5307655334473,16.6466827392578,20.1080951690674,,False,0,2.78037329269555,False,0.300000011920929,False,False,False,False,False
5.72,13.6609840393066,21.4129905700684,14.2814769744873,17.5614013671875,15.7380332946777,17.6023368835449,19.13916015625,,False,0,2.87669050314509,False,0.300000011920929,False,False,False,False,False
5.74,13.1136236190796,21.4129905700684,14.2814769744873,17.5614013671875,15.7380332946777,17.6023368835449,19.13916015625,,False,0,2.97325080219072,False,0.400000005960464,False,False,False,False,False
5.76,12.2860097885132,22.1765956878662,14.3712205886841,17.6761322021484,14.8524398803711,19.1488723754883,18.0560398101807,,False,0,3.07003125265242,False,0.400000005960464,False,False,False,False,False
5.78,11.458441734314,22.1765956878662,14.3712205886841,17.6761322021484,14.8524398803711,19.1488723754883,18.0560398101807,,False,0,3.16701167182718,False,0.600000023841858,True,False,False,False,False
5.8,10.1499843597412,20.6024646759033,14.6307430267334,17.9984893798828,13.8280735015869,22.307149887085,16.7714748382568,,False,0,3.25433491512421,False,0.600000023841858,True,False,False,False,False
5.82,8.85782909393311,20.6024646759033,14.6307430267334,17.9984893798828,13.8280735015869,22.307149887085,16.7714748382568,,False,0,3.341693095192,False,0.0500000007450581,True,False,False,False,False
5.84,8.98848342895508,20.442195892334,14.6339693069458,17.9918899536133,13.7855205535889,22.6785125732422,16.6508274078369,,False,0,3.41526036630597,False,0.0500000007450581,True,False,False,False,False
5.86,9.10772323608398,20.442195892334,14.6339693069458,17.9918899536133,13.7855205535889,22.6785125732422,16.6508274078369,,False,0,3.48905106231771,False,0.225000008940697,True,False,False,False,False
5.88,8.79902935028076,19.9121265411377,14.7497415542603,18.1173801422119,13.5163145065308,24.3419971466064,16.2108707427979,,False,0,3.5534352608553,False,0.225000008940697,True,False,False,False,False
5.9,8.47778987884521,19.6116104125977,14.8333978652954,18.2066745758057,13.3672895431519,25.4981212615967,15.9780206680298,,False,0,3.61787400219783,False,0.275000005960464,True,False,False,False,False
5.92,8.04228019714355,19.6116104125977,14.8333978652954,18.2066745758057,13.3672895431519,25.4981212615967,15.9780206680298,,False,0,3.67287254001233,False,0.325000017881393,True,False,False,False,False
5.94,7.49143695831299,18.9677181243896,15.0737218856812,18.4602203369141,13.0561923980713,28.7661952972412,15.4881229400635,,False,0,3.71819759190397,False,0.325000017881393,True,False,False,False,False
5.96,6.92825222015381,18.9677181243896,15.0737218856812,18.4602203369141,13.0561923980713,28.7661952972412,15.4881229400635,,False,0,3.76338666987218,False,0.125,True,False,False,False,False
5.98,6.87269258499146,18.9677181243896,15.0737218856812,18.4602203369141,13.0561923980713,28.7661952972412,15.4881229400635,,False,0,3.79342234347635,False,0.125,True,False,False,False,False
6,6.80783653259277,18.4892845153809,15.1782302856445,18.4893054962158,12.9639654159546,31.244441986084,15.1782169342041,,False,0,3.82355506746283,False,0.125,True,False,False,False,False
6.02,6.73390817642212,18.2635612487793,15.2728958129883,18.5631370544434,12.8940753936768,32.8881034851074,15.0264234542847,,False,0,3.85376702421592,False,0.225000008940697,True,False,False,False,False
6.04,6.42133474349976,18.2635612487793,15.2728958129883,18.5631370544434,12.8940753936768,32.8881034851074,15.0264234542847,,False,0,3.874713513754,False,0.100000001490116,True,False,False,False,False
6.06,6.41985464096069,17.9628105163574,15.3222341537476,18.5236110687256,12.8769130706787,34.6126365661621,14.8583602905273,,False,0,3.88632320016093,False,0.100000001490116,True,False,False,False,False
6.08,6.41154861450195,17.9628105163574,15.3222341537476,18.5236110687256,12.8769130706787,34.6126365661621,14.8583602905273,,False,0,3.898035714428,False,0.174999997019768,True,False,False,False,False
6.1,6.22797584533691,17.5704441070557,15.4729146957397,18.5848598480225,12.8085193634033,37.2314300537109,14.628360748291,,False,0,3.90002042371522,False,0.174999997019768,True,False,False,False,False
6.12,6.03411102294922,17.5704441070557,15.4729146957397,18.5848598480225,12.8085193634033,37.2314300537109,14.628360748291,,False,0,3.90194081001152,False,0.474999994039536,True,False,False,False,False
6.14,5.09751462936401,16.9526042938232,16.1290531158447,19.2256603240967,12.5593252182007,36.5401039123535,14.2221164703369,,False,0,3.90325331726805,False,0.474999994039536,True,False,False,False,False
6.16,4.14228391647339,16.9526042938232,16.1290531158447,19.2256603240967,12.5593252182007,36.5401039123535,14.2221164703369,,False,0,3.90403842690256,False,0.600000023841858,True,False,False,False,False
6.18,2.86876273155212,16.4160957336426,17.2709579467773,20.2623996734619,12.3459386825562,36.010181427002,13.9015874862671,,False,0,3.90426137247914,False,0.600000023841858,True,False,False,False,False
6.2,1.57015836238861,16.3160972595215,17.2537727355957,20.2706871032715,12.3597707748413,36.110179901123,13.8877553939819,,False,0,3.90412539520865,False,0,True,False,False,False,False
6.22,1.66191399097443,16.3160972595215,17.2537727355957,20.2706871032715,12.3597707748413,36.110179901123,13.8877553939819,,False,0,3.90403627207117,False,0,True,False,False,False,False
6.24,1.75370442867279,16.1161003112793,17.2194004058838,20.0222148895264,12.3874368667603,36.3101806640625,13.860089302063,,False,0,3.90399400627556,False,0,True,False,False,False,False
6.26,1.8455286026001,16.1161003112793,17.2194004058838,20.0222148895264,12.3874368667603,36.3101806640625,13.860089302063,,False,0,3.90399859934377,False,0.0500000007450581,True,False,False,False,False
6.28,1.81872892379761,15.897367477417,17.3011837005615,19.9058094024658,12.39963722229,36.4676971435547,13.8172426223755,,False,0,3.90401705894424,False,0.0500000007450581,True,False,False,False,False
6.3,1.78898477554321,15.897367477417,17.3011837005615,19.9058094024658,12.39963722229,36.4676971435547,13.8172426223755,,False,0,3.90404855484636,False,0.0500000007450581,True,False,False,False,False
6.32,1.75627470016479,15.6801156997681,17.3875980377197,19.7890720367432,12.4110136032104,36.6278610229492,13.7772846221924,,False,0,3.90409289722508,False,0.0500000007450581,True,False,False,False,False
6.34,1.72062611579895,15.6801156997681,17.3875980377197,19.7890720367432,12.4110136032104,36.6278610229492,13.7772846221924,,False,0,3.90414577061348,False,0.025000000372529,True,False,False,False,False
6.36,1.74129962921143,15.4720573425293,17.4175834655762,19.6038951873779,12.4282236099243,36.8089141845703,13.7465543746948,,False,0,3.90421881887004,False,0.025000000372529,True,False,False,False,False
6.38,1.76048922538757,15.3681774139404,17.4331893920898,19.5109157562256,12.4365882873535,36.8996696472168,13.7316198348999,,False,0,3.90431390821262,False,0.025000000372529,True,False,False,False,False
6.4,1.77821898460388,15.3681774139404,17.4331893920898,19.5109157562256,12.4365882873535,36.8996696472168,13.7316198348999,,False,0,3.90442514631695,False,0.025000000372529,True,False,False,False,False
6.42,1.79446387290955,15.1607227325439,17.4656639099121,19.3241767883301,12.4528188705444,37.0816535949707,13.7026357650757,,False,0,3.904554671354,False,0.025000000372529,True,False,False,False,False
6.44,1.80922198295593,15.1607227325439,17.4656639099121,19.3241767883301,12.4528188705444,37.0816535949707,13.7026357650757,,False,0,3.90469683902792,False,0.300000011920929,True,False,False,False,False
6.46,1.1708881855011,14.89515209198,18.2361183166504,18.6141128540039,12.4147825241089,10.5826597213745,13.6270999908447,,False,0,3.90472015343583,False,0.300000011920929,True,False,False,False,False
6.48,0.515915870666504,14.7868213653564,18.4097290039063,18.3978843688965,12.4128532409668,10.4533472061157,13.6144561767578,,False,0,3.90467348153498,False,0.125,True,False,False,False,False
6.5,0.257378756999969,14.7868213653564,18.4097290039063,18.3978843688965,12.4128532409668,10.4533472061157,13.6144561767578,,False,0,3.90461631743296,False,0.125,True,False,False,False,False
6.52,359.991485595703,14.7868213653564,18.4097290039063,18.3978843688965,12.4128532409668,10.4533472061157,13.6144561767578,,False,0,3.90456038807604,False,0.125,True,False,False,False,False
6.54,359.718231201172,14.4726209640503,18.9748134613037,17.782262802124,12.4093751907349,10.4120721817017,13.5928516387939,,False,0,3.90451056631345,False,0.125,True,False,False,False,False
6.56,359.437530517578,14.4726209640503,18.9748134613037,17.782262802124,12.4093751907349,10.4120721817017,13.5928516387939,,False,0,3.90448026592927,False,0,True,False,False,False,False
6.58,359.444976806641,14.2726221084595,18.9711589813232,17.7860126495361,12.4119911193848,10.6120653152466,13.5902338027954,,False,0,3.90445027445779,False,0,True,False,False,False,False
6.6,359.452392578125,14.1726226806641,18.969331741333,17.7878875732422,12.4132995605469,10.7120704650879,13.5889253616333,,False,0,3.90442059190609,False,0,True,False,False,False,False
6.62,359.459838867188,14.1726226806641,18.969331741333,17.7878875732422,12.4132995605469,10.7120704650879,13.5889253616333,,False,0,3.90439121828127,False,0,True,False,False,False,False
6.64,359.467254638672,13.9726238250732,18.9656791687012,17.7916374206543,12.4159164428711,10.9120635986328,13.5863094329834,,False,0,3.90436215359023,False,0,True,False,False,False,False
6.66,359.474700927734,13.9726238250732,18.9656791687012,17.7916374206543,12.4159164428711,10.9120635986328,13.5863094329834,,False,0,3.9043333978399,False,0,True,False,False,False,False
6.68,359.482116699219,13.7726259231567,18.9620265960693,17.7953872680664,12.418532371521,11.1120662689209,13.5836935043335,,False,0,3.90430495103712,False,0,True,False,False,False,False
6.7,359.489562988281,13.6726264953613,18.9601993560791,17.7972621917725,12.4198408126831,11.2120599746704,13.5823841094971,,False,0,3.90427681318865,False,0,True,False,False,False,False
6.72,359.496978759766,13.6726264953613,18.9601993560791,17.7972621917725,12.4198408126831,11.2120599746704,13.5823841094971,,False,0,3.90424898430114,False,0,True,False,False,False,False
6.74,359.504425048828,13.4726266860962,18.9565467834473,17.8010139465332,12.4224586486816,11.4120674133301,13.5797662734985,,False,0,3.90422146438123,False,0,True,False,False,False,False
6.76,359.511840820313,13.4726266860962,18.9565467834473,17.8010139465332,12.4224586486816,11.4120674133301,13.5797662734985,,False,0,3.90419425343543,False,0,True,False,False,False,False
6.78,359.519287109375,13.2726278305054,18.9528923034668,17.8047637939453,12.4250755310059,11.6120653152466,13.5771503448486,,False,0,3.9041673514702,False,0,True,False,False,False,False
6.8,359.526702880859,13.2726278305054,18.9528923034668,17.8047637939453,12.4250755310059,11.6120653152466,13.5771503448486,,False,0,3.90414075849194,False,0,True,False,False,False,False
6.82,359.534149169922,13.0726289749146,18.7326965332031,17.8085136413574,12.4276924133301,11.8120708465576,13.5745334625244,,False,0,3.90411447450695,False,0,True,False,False,False,False
6.84,359.541564941406,13.0726289749146,18.7326965332031,17.8085136413574,12.4276924133301,11.8120708465576,13.5745334625244,,False,0,3.90408849952149,False,0,True,False,False,False,False
6.86,359.549011230469,12.8726301193237,18.4461040496826,17.8122634887695,12.4303092956543,12.0120687484741,13.5719156265259,,False,0,3.9040628335417,False,0,True,False,False,False,False
6.88,359.556427001953,12.7726306915283,18.302806854248,17.8141384124756,12.4316186904907,12.1120767593384,13.5706062316895,,False,0,3.9040374765737,False,0,True,False,False,False,False
6.9,359.563873291016,12.7726306915283,18.302806854248,17.8141384124756,12.4316186904907,12.1120767593384,13.5706062316895,,False,0,3.9040124286235,False,0,True,False,False,False,False
6.92,359.5712890625,12.5726318359375,18.0162143707275,17.5506534576416,12.4342355728149,12.3120622634888,13.5679903030396,,False,0,3.90398768969705,False,0,True,False,False,False,False
6.94,359.578735351563,12.5726318359375,18.0162143707275,17.5506534576416,12.4342355728149,12.3120622634888,13.5679903030396,,False,0,3.90396325980022,False,0,True,False,False,False,False
6.96,359.586151123047,12.3726329803467,17.729621887207,17.2714672088623,12.4368524551392,12.5120658874512,13.5653734207153,,False,0,3.90393913893881,False,0,True,False,False,False,False
6.98,359.593597412109,12.3726329803467,17.729621887207,17.2714672088623,12.4368524551392,12.5120658874512,13.5653734207153,,False,0,3.90391532711857,False,0,True,False,False,False,False
7,359.601013183594,12.1726341247559,17.4430294036865,16.992280960083,12.4394693374634,12.7120656967163,13.5627555847168,,False,0,3.90389182434513,False,0,True,False,False,False,False
7.02,359.608459472656,12.1726341247559,17.4430294036865,16.992280960083,12.4394693374634,12.7120656967163,13.5627555847168,,False,0,3.90386863062408,False,0,True,False,False,False,False
7.04,359.615875244141,11.972635269165,17.156436920166,16.7130928039551,12.4420852661133,12.9120721817017,13.5601387023926,,False,0,3.90384574596092,False,0,True,False,False,False,False
7.06,359.623321533203,11.972635269165,17.156436920166,16.7130928039551,12.4420852661133,12.9120721817017,13.5601387023926,,False,0,3.90382317036111,False,0,True,False,False,False,False
7.08,359.630737304688,11.7726373672485,16.8698444366455,16.4339065551758,12.4447031021118,13.1120643615723,13.5575218200684,,False,0,3.90380090382999,False,0,True,False,False,False,False
7.1,359.63818359375,11.6726379394531,16.7265491485596,16.2943134307861,12.4460115432739,13.2120695114136,13.5562133789063,,False,0,3.90377894637286,False,0,True,False,False,False,False
7.12,359.645599365234,11.6726379394531,16.7265491485596,16.2943134307861,12.4460115432739,13.2120695114136,13.5562133789063,,False,0,3.90375729799492,False,0,True,False,False,False,False
7.14,359.653045654297,11.4726390838623,16.4399566650391,16.0151271820068,12.4486274719238,13.4120664596558,13.553596496582,,False,0,3.90373595870134,False,0,True,False,False,False,False
7.16,359.660461425781,11.4726390838623,16.4399566650391,16.0151271820068,12.4486274719238,13.4120664596558,13.553596496582,,False,0,3.90371492849714,False,0,True,False,False,False,False
7.18,359.667907714844,11.2726402282715,16.1533641815186,15.7359409332275,12.451244354248,13.612060546875,13.5509815216064,,False,0,3.90369420738736,False,0,True,False,False,False,False
7.2,359.675323486328,11.1726408004761,16.010066986084,15.5963478088379,12.4525527954102,13.7120609283447,13.5496730804443,,False,0,3.90367379537693,False,0,True,False,False,False,False
7.22,359.682769775391,11.1726408004761,16.010066986084,15.5963478088379,12.4525527954102,13.7120609283447,13.5496730804443,,False,0,3.90365369247067,False,0,True,False,False,False,False
7.24,359.690185546875,10.9726419448853,15.7234745025635,15.3171606063843,12.4551706314087,13.9120645523071,13.5470561981201,,False,0,3.90363389867332,False,0,True,False,False,False,False
7.26,359.697631835938,10.9726419448853,15.7234745025635,15.3171606063843,12.4551706314087,13.9120645523071,13.5470561981201,,False,0,3.90361441398967,False,0,True,False,False,False,False
7.28,359.705078125,10.9726419448853,15.7234745025635,15.3171606063843,12.4551706314087,13.9120645523071,13.5470561981201,,False,0,3.90359523842427,False,0,True,False,False,False,False
7.3,359.712493896484,10.672643661499,15.2935857772827,14.8983812332153,12.459095954895,14.2120704650879,13.5431299209595,,False,0,3.90357637198174,False,0,True,False,False,False,False
7.32,359.719940185547,10.5726432800293,15.1502895355225,14.7587881088257,12.4604043960571,14.3120555877686,13.5418214797974,,False,0,3.90355781466651,False,0,True,False,False,False,False
7.34,359.727355957031,10.5726432800293,15.1502895355225,14.7587881088257,12.4604043960571,14.3120555877686,13.5418214797974,,False,0,3.90353956648302,False,0,True,False,False,False,False
7.36,359.734802246094,10.3726444244385,14.863697052002,14.4796009063721,12.4630212783813,14.5120553970337,13.5392055511475,,False,0,3.90352162743557,False,0,True,False,False,False,False
7.38,359.742218017578,10.2726449966431,14.7204008102417,14.3400077819824,12.4643297195435,14.6120567321777,13.5378942489624,,False,0,3.9035039975285,False,0,True,False,False,False,False
7.4,359.749664306641,10.2726449966431,14.7204008102417,14.3400077819824,12.4643297195435,14.6120567321777,13.5378942489624,,False,0,3.9034866767659,False,0,True,False,False,False,False
7.42,359.757080078125,10.0726461410522,14.4338083267212,14.0608215332031,12.4669437408447,14.8120555877686,13.5352783203125,,False,0,3.90346966515193,False,0,True,False,False,False,False
7.44,359.764526367188,10.0726461410522,14.4338083267212,14.0608215332031,12.4669437408447,14.8120555877686,13.5352783203125,,False,0,3.90345296269065,False,0,True,False,False,False,False
7.46,359.771942138672,9.87264728546143,14.1472158432007,13.7816343307495,12.4695606231689,15.0120515823364,13.5326614379883,,False,0,3.90343656938601,False,0,True,False,False,False,False
7.48,359.779388427734,9.87264728546143,14.1472158432007,13.7816343307495,12.4695606231689,15.0120515823364,13.5326614379883,,False,0,3.90342048524191,False,0,True,False,False,False,False
7.5,359.786804199219,9.67264842987061,13.8606233596802,13.5024480819702,12.4721775054932,15.2120523452759,13.5300436019897,,False,0,3.90340471026216,False,0,True,False,False,False,False
7.52,359.794250488281,9.67264842987061,13.8606233596802,13.5024480819702,12.4721775054932,15.2120523452759,13.5300436019897,,False,0,3.90338924445053,False,0,True,False,False,False,False
7.54,359.801696777344,9.47264957427979,13.5740299224854,13.2232618331909,12.4747943878174,15.4120578765869,13.5274267196655,,False,0,3.90337408781067,False,0,True,False,False,False,False
7.56,359.809112548828,9.47264957427979,13.5740299224854,13.2232618331909,12.4747943878174,15.4120578765869,13.5274267196655,,False,0,3.9033592403462,False,0,True,False,False,False,False
7.58,359.816558837891,9.27265167236328,13.2874374389648,12.9440746307373,12.4774112701416,15.6120481491089,13.5248098373413,,False,0,3.90334470206063,False,0,True,False,False,False,False
7.6,359.823974609375,9.17265224456787,13.1441411972046,12.8044815063477,12.4787197113037,15.71204662323,13.5235013961792,,False,0,3.90333047295744,False,0,True,False,False,False,False
7.62,359.831420898438,9.17265224456787,13.1441411972046,12.8044815063477,12.4787197113037,15.71204662323,13.5235013961792,,False,0,3.90331655304,False,0,True,False,False,False,False
7.64,359.838836669922,8.97265338897705,12.8575487136841,12.5252952575684,12.4813365936279,15.9120559692383,13.520884513855,,False,0,3.9033029423116,False,0,True,False,False,False,False
7.66,359.846282958984,8.97265338897705,12.8575487136841,12.5252952575684,12.4813365936279,15.9120559692383,13.520884513855,,False,0,3.9032896407755,False,0,True,False,False,False,False
7.68,359.853698730469,8.77265453338623,12.5709562301636,12.2461090087891,12.4839534759521,16.112060546875,13.5182676315308,,False,0,3.90327664843484,False,0,True,False,False,False,False
7.7,359.861145019531,8.67265510559082,12.4276599884033,12.1065149307251,12.4852619171143,16.2120590209961,13.5169591903687,,False,0,3.90326396529272,False,0,True,False,False,False,False
7.72,359.868591308594,8.67265510559082,12.4276599884033,12.1065149307251,12.4852619171143,16.2120590209961,13.5169591903687,,False,0,3.90325159135216,False,0,True,False,False,False,False
7.74,359.876007080078,8.47265625,12.1410675048828,11.8273286819458,12.4878787994385,16.4120674133301,13.5143423080444,,False,0,3.90323952661609,False,0,True,False,False,False,False
7.76,359.883453369141,8.47265625,12.1410675048828,11.8273286819458,12.4878787994385,16.4120674133301,13.5143423080444,,False,0,3.90322777108738,False,0,True,False,False,False,False
7.78,359.890869140625,8.2726583480835,11.8544750213623,11.5481424331665,12.490496635437,16.6120567321777,13.5117244720459,,False,0,3.90321632476882,False,0,True,False,False,False,False
7.8,359.898315429688,8.17265892028809,11.7111787796021,11.4085493087769,12.4918050765991,16.7120628356934,13.5104160308838,,False,0,3.90320518766312,False,0,True,False,False,False,False
7.82,359.905731201172,8.17265892028809,11.7111787796021,11.4085493087769,12.4918050765991,16.7120628356934,13.5104160308838,,False,0,3.90319435977296,False,0,True,False,False,False,False
7.84,359.913177490234,7.97265958786011,11.4245872497559,11.1293630599976,12.4944190979004,16.9120559692383,13.5077991485596,,False,0,3.90318384110089,False,0,True,False,False,False,False
7.86,359.920593261719,7.97265958786011,11.4245872497559,11.1293630599976,12.4944190979004,16.9120559692383,13.5077991485596,,False,0,3.90317363164941,False,0,True,False,False,False,False
7.88,359.928039550781,7.77266073226929,11.137993812561,10.8501768112183,12.4970359802246,17.1120529174805,13.505184173584,,False,0,3.90316373142095,False,0,True,False,False,False,False
7.9,359.935485839844,7.67266130447388,10.9946975708008,10.7105827331543,12.4983444213867,17.2120590209961,13.5038757324219,,False,0,3.90315414041787,False,0,True,False,False,False,False
7.92,359.942901611328,7.67266130447388,10.9946975708008,10.7105827331543,12.4983444213867,17.2120590209961,13.5038757324219,,False,0,3.90314485864245,False,0,True,False,False,False,False
7.94,359.950347900391,7.47266149520874,10.7081050872803,10.431396484375,12.5009622573853,17.4120559692383,13.5012588500977,,False,0,3.90313588609688,False,0,True,False,False,False,False
7.96,359.957763671875,7.47266149520874,10.7081050872803,10.431396484375,12.5009622573853,17.4120559692383,13.5012588500977,,False,0,3.9031272227833,False,0,True,False,False,False,False
7.98,359.965209960938,7.47266149520874,10.7081050872803,10.431396484375,12.5009622573853,17.4120559692383,13.5012588500977,,False,0,3.90311886870378,False,0,True,False,False,False,False
8,359.972625732422,7.17266416549683,10.2782154083252,10.0126171112061,12.5048866271973,17.7120494842529,13.4973335266113,,False,0,3.90311082386029,False,0,True,False,False,False,False
8.02,359.980072021484,7.07266473770142,10.1349191665649,9.87302303314209,12.5061950683594,17.8120517730713,13.4960250854492,,False,0,3.90310308825475,False,0,True,False,False,False,False
8.04,359.987518310547,7.07266473770142,10.1349191665649,9.87302303314209,12.5061950683594,17.8120517730713,13.4960250854492,,False,0,3.903095661889,False,0,True,False,False,False,False
8.059999,-0.005061702337116,6.8726658821106,9.84832668304443,9.59383678436279,12.5088119506836,18.0120487213135,13.493408203125,,False,0,3.9030885447648,False,0,True,False,False,False,False
8.08,0.00237152283079922,6.77266645431519,9.70503044128418,9.45424365997314,12.5101203918457,18.1120471954346,13.4920997619629,,False,0,3.90308173688384,False,0,True,False,False,False,False
8.099999,0.00980477314442396,6.77266645431519,9.70503044128418,9.45424365997314,12.5101203918457,18.1120471954346,13.4920997619629,,False,0,3.90307523824775,False,0,True,False,False,False,False
8.12,0.0172380972653627,6.57266759872437,9.41843795776367,9.17504787445068,12.5127382278442,18.3120536804199,13.4894828796387,,False,0,3.90306904885806,False,0,True,False,False,False,False
8.139999,0.0246713981032372,6.57266759872437,9.41843795776367,9.17504787445068,12.5127382278442,18.3120536804199,13.4894828796387,,False,0,3.90306316871625,False,0,True,False,False,False,False
8.16,0.0321046970784664,6.37266874313354,9.13184547424316,8.8958625793457,12.5153551101685,18.5120468139648,13.4868659973145,,False,0,3.90305759782372,False,0,True,False,False,False,False
8.179999,0.039538100361824,6.27266979217529,8.98854923248291,8.75626754760742,12.5166635513306,18.6120529174805,13.4855575561523,,False,0,3.90305233618179,False,0,True,False,False,False,False
8.2,0.0469714775681496,6.27266979217529,8.98854923248291,8.75626754760742,12.5166635513306,18.6120529174805,13.4855575561523,,False,0,3.90304738379171,False,0,True,False,False,False,False
8.22,0.0544049330055714,6.07267093658447,8.7019567489624,8.47708129882813,12.5192804336548,18.8120498657227,13.4829406738281,,False,0,3.90304274065465,False,0,True,False,False,False,False
8.24,0.0618383511900902,6.07267093658447,8.7019567489624,8.47708129882813,12.5192804336548,18.8120498657227,13.4829406738281,,False,0,3.90303840677173,False,0,True,False,False,False,False
8.26,0.0692717656493187,5.87267208099365,8.41536426544189,8.19789505004883,12.5218935012817,19.0120449066162,13.4803237915039,,False,0,3.90303438214402,False,0,True,False,False,False,False
8.28,0.0767052918672562,5.77267265319824,8.27206802368164,8.05830097198486,12.5232019424438,19.1120433807373,13.4790115356445,,False,0,3.90303066677238,False,0,True,False,False,False,False
8.3,0.0841387808322906,5.77267265319824,8.27206802368164,8.05830097198486,12.5232019424438,19.1120433807373,13.4790115356445,,False,0,3.90302726065771,False,0,True,False,False,False,False
8.32,0.0915722995996475,5.57267379760742,7.98547554016113,7.77911472320557,12.5258197784424,19.3120498657227,13.4763946533203,,False,0,3.90302416380087,False,0,True,False,False,False,False
8.34,0.0990058779716492,5.57267379760742,7.98547554016113,7.77911472320557,12.5258197784424,19.3120498657227,13.4763946533203,,False,0,3.90302137620261,False,0,True,False,False,False,False
8.36,0.10643944144249,5.3726749420166,7.69888305664063,7.49992847442627,12.5284366607666,19.5120487213135,13.4737777709961,,False,0,3.90301889786353,False,0,True,False,False,False,False
8.38,0.113873064517975,5.27267551422119,7.5555853843689,7.36033630371094,12.5297451019287,19.61203956604,13.472469329834,,False,0,3.90301672878427,False,0,True,False,False,False,False
8.4,0.121306642889977,5.27267551422119,7.5555853843689,7.36033630371094,12.5297451019287,19.61203956604,13.472469329834,,False,0,3.90301486896533,False,0,True,False,False,False,False
8.42,0.128766134381294,5.07267665863037,7.26899290084839,7.08115005493164,12.5323619842529,19.8120460510254,13.4698524475098,,False,0,3.90301328707194,False,0,True,False,False,False,False
8.44,0.13622559607029,5.07267665863037,7.26899290084839,7.08115005493164,12.5323619842529,19.8120460510254,13.4698524475098,,False,0,3.90301201659095,False,0,True,False,False,False,False
8.46,0.143685102462769,4.87267780303955,6.98239898681641,6.80196332931519,12.5349788665771,20.0120449066162,13.4672346115112,,False,0,3.90301105752268,False,0,True,False,False,False,False
8.48,0.15111880004406,4.77267837524414,6.83910274505615,6.66237020492554,12.5362882614136,20.1120433807373,13.4659261703491,,False,0,3.90301043796998,False,0,True,False,False,False,False
8.5,0.158552497625351,4.77267837524414,6.83910274505615,6.66237020492554,12.5362882614136,20.1120433807373,13.4659261703491,,False,0,3.90301012767909,False,0,True,False,False,False,False
8.52,0.166012048721313,4.57267951965332,6.55251026153564,6.38318490982056,12.5389051437378,20.3120498657227,13.4633092880249,,False,0,3.90301010069487,False,0,True,False,False,False,False
8.54,0.173471659421921,4.57267951965332,6.55251026153564,6.38318490982056,12.5389051437378,20.3120498657227,13.4633092880249,,False,0,3.90301038512389,False,0,True,False,False,False,False
8.559999,0.18090546131134,4.3726806640625,6.26591730117798,6.1039981842041,12.541522026062,20.5120391845703,13.4606924057007,,False,0,3.90301100476608,False,0,True,False,False,False,False
8.58,0.188339218497276,4.27268123626709,6.12262105941772,5.96440505981445,12.5428304672241,20.6120471954346,13.4593839645386,,False,0,3.90301193366991,False,0,True,False,False,False,False
8.599999,0.19579890370369,4.27268123626709,6.12262105941772,5.96440505981445,12.5428304672241,20.6120471954346,13.4593839645386,,False,0,3.90301315018262,False,0,True,False,False,False,False
8.62,0.201048150658607,4.07268238067627,5.83603000640869,5.685218334198,12.5454473495483,20.8120403289795,13.45676612854,,False,0,3.84336895256991,False,0,True,False,False,False,False
8.639999,0.205264925956726,4.07268238067627,5.83603000640869,5.685218334198,12.5454473495483,20.8120403289795,13.45676612854,,False,0,3.75144539575492,False,0,True,False,False,False,False
8.66,0.20945318043232,3.87268328666687,5.54943704605103,5.4060320854187,12.5480651855469,21.0120372772217,13.4541492462158,,False,0,3.65306374269922,False,0,True,False,False,False,False
8.679999,0.213825315237045,3.87268328666687,5.54943704605103,5.4060320854187,12.5480651855469,21.0120372772217,13.4541492462158,,False,0,3.55338902034898,False,0,True,False,False,False,False
8.7,0.218440383672714,3.67268443107605,5.26284456253052,5.1268458366394,12.5506820678711,21.2120456695557,13.4515323638916,,False,0,3.45345881926097,False,0,True,False,False,False,False
8.72,0.223328679800034,3.57268500328064,5.11954784393311,4.9872522354126,12.5519905090332,21.3120441436768,13.4502239227295,,False,0,3.35347913938984,False,0,True,False,False,False,False
8.74,0.228516891598701,3.57268500328064,5.11954784393311,4.9872522354126,12.5519905090332,21.3120441436768,13.4502239227295,,False,0,3.25348432283757,False,0,True,False,False,False,False
8.76,0.234034165740013,3.37268614768982,4.8329553604126,4.7080659866333,12.5546073913574,21.5120429992676,13.4476070404053,,False,0,3.15348963981441,False,0,True,False,False,False,False
8.78,0.239945769309998,3.37268614768982,4.8329553604126,4.7080659866333,12.5546073913574,21.5120429992676,13.4476070404053,,False,0,3.05349508816134,False,0,True,False,False,False,False
8.8,0.246257722377777,3.17268753051758,4.54637002944946,4.42887926101685,12.5572242736816,21.7120399475098,13.4449892044067,,False,0,2.95350069986965,False,0,True,False,False,False,False
8.82,0.253012031316757,3.07268810272217,4.40307378768921,4.2892861366272,12.5585336685181,21.8120403289795,13.4436807632446,,False,0,2.85350649211352,False,0,True,False,False,False,False
8.84,0.260256946086884,3.07268810272217,4.40307378768921,4.2892861366272,12.5585336685181,21.8120403289795,13.4436807632446,,False,0,2.75351248455919,False,0,True,False,False,False,False
8.86,0.26804792881012,2.87268924713135,4.1164813041687,4.01009941101074,12.5611505508423,22.0120468139648,13.4410638809204,,False,0,2.65351869983927,False,0,True,False,False,False,False
8.88,0.27648863196373,2.87268924713135,4.1164813041687,4.01009941101074,12.5611505508423,22.0120468139648,13.4410638809204,,False,0,2.55352515413729,False,0,True,False,False,False,False
8.9,0.285617262125015,2.67269062995911,3.82988905906677,3.7309136390686,12.5637674331665,22.2120380401611,13.4384469985962,,False,0,2.45353189052317,False,0,True,False,False,False,False
8.92,0.295521795749664,2.57269096374512,3.68659234046936,3.59132385253906,12.5650758743286,22.3120307922363,13.4371385574341,,False,0,2.35354275964407,False,0,True,False,False,False,False
8.94,0.306305319070816,2.57269096374512,3.68659234046936,3.59132385253906,12.5650758743286,22.3120307922363,13.4371385574341,,False,0,2.25355017445873,False,0,True,False,False,False,False
8.96,0.318090260028839,2.3726921081543,3.39999961853027,3.31213736534119,12.5676927566528,22.5120391845703,13.4345207214355,,False,0,2.1535579998542,False,0,True,False,False,False,False
8.98,0.33107203245163,2.27269268035889,3.25670337677002,3.17254400253296,12.5690011978149,22.6120376586914,13.4332122802734,,False,0,2.05356629368971,False,0,True,False,False,False,False
9,0.345382779836655,2.27269268035889,3.25670337677002,3.17254400253296,12.5690011978149,22.6120376586914,13.4332122802734,,False,0,1.95357513446556,False,0,True,False,False,False,False
9.02,0.361237794160843,2.07269430160522,2.97011160850525,2.89335823059082,12.5716190338135,22.8120422363281,13.4305953979492,,False,0,1.85358461068912,False,0,True,False,False,False,False
9.04,0.378901183605194,2.07269430160522,2.97011160850525,2.89335823059082,12.5716190338135,22.8120422363281,13.4305953979492,,False,0,1.75359483106671,False,0,True,False,False,False,False
9.059999,0.398700952529907,1.87269496917725,2.68351817131042,2.61417102813721,12.5742359161377,23.0120429992676,13.427978515625,,False,0,1.65360593058355,False,0,True,False,False,False,False
9.08,0.421114593744278,1.77269566059113,2.54022192955017,2.47457790374756,12.5755443572998,23.1120414733887,13.4266700744629,,False,0,1.55361808987254,False,0,True,False,False,False,False
9.099999,0.446612268686295,1.77269566059113,2.54022192955017,2.47457790374756,12.5755443572998,23.1120414733887,13.4266700744629,,False,0,1.45363152184134,False,0,True,False,False,False,False
9.12,0.475877434015274,1.57269680500031,2.25362944602966,2.19539141654968,12.578161239624,23.3120384216309,13.4240522384644,,False,0,1.35364650850486,False,0,True,False,False,False,False
9.139999,0.509811639785767,1.57269680500031,2.25362944602966,2.19539141654968,12.578161239624,23.3120384216309,13.4240522384644,,False,0,1.25366342185385,False,0,True,False,False,False,False
9.16,0.549629390239716,1.37269842624664,1.96703743934631,1.91620552539825,12.5807790756226,23.5120315551758,13.4214353561401,,False,0,1.15368276280385,False,0,True,False,False,False,False
9.179999,0.597005665302277,1.28282785415649,1.83825552463531,1.79075157642365,12.5819501876831,23.6019020080566,13.4202642440796,,False,0,1.05370522238474,False,0,False,False,False,False,False
9.2,0.647520244121552,1.28282785415649,1.83825552463531,1.79075157642365,12.5819501876831,23.6019020080566,13.4202642440796,,False,0,0.963857627924109,False,0,False,False,False,False,False
9.22,0.700433194637299,1.12314605712891,1.60943603515625,1.56784510612488,12.5840406417847,23.7615833282471,13.418173789978,,False,0,0.884040434842163,False,0,False,False,False,False,False
9.24,0.763854682445526,1.12314605712891,1.60943603515625,1.56784510612488,12.5840406417847,23.7615833282471,13.418173789978,,False,0,0.804227491123218,False,0,False,False,False,False,False
9.26,0.829639613628387,0.983668863773346,1.40956926345825,1.37314331531525,12.5858640670776,23.9010601043701,13.4163503646851,,False,0,0.734517309203313,False,0,False,False,False,False,False
9.28,0.909230649471283,0.983668863773346,1.40956926345825,1.37314331531525,12.5858640670776,23.9010601043701,13.4163503646851,,False,0,0.664812633467486,False,0,False,False,False,False,False
9.3,0.989474058151245,0.865891396999359,1.24079751968384,1.20873296260834,12.5874052047729,24.0188446044922,13.4148092269897,,False,0,0.605957600773667,False,0,False,False,False,False,False
9.32,1.08718407154083,0.865891396999359,1.24079751968384,1.20873296260834,12.5874052047729,24.0188446044922,13.4148092269897,,False,0,0.547109459912892,False,0,False,False,False,False,False
9.34,1.17469894886017,0.77620792388916,1.11228370666504,1.08354020118713,12.5885801315308,24.108528137207,13.4136343002319,,False,0,0.502303255558254,False,0,False,False,False,False,False
9.36,1.27938151359558,0.77620792388916,1.11228370666504,1.08354020118713,12.5885801315308,24.108528137207,13.4136343002319,,False,0,0.457503629277818,False,0,False,False,False,False,False
9.38,1.37390947341919,0.706262946128845,1.01205456256866,0.985901117324829,12.5894956588745,24.178466796875,13.4127178192139,,False,0,0.422568515997403,False,0,False,False,False,False,False
9.4,1.48551046848297,0.68121349811554,0.976159393787384,0.950933575630188,12.5898237228394,24.2035217285156,13.412389755249,,False,0,0.387639767752812,False,0,False,False,False,False,False
9.42,1.57519292831421,0.68121349811554,0.976159393787384,0.950933575630188,12.5898237228394,24.2035217285156,13.412389755249,,False,0,0.362624236133279,False,0,False,False,False,False,False
9.44,1.62633275985718,0.652600765228271,0.93515819311142,0.910991966724396,12.5901975631714,24.2321357727051,13.412015914917,,False,0,0.348335590516422,False,0,False,False,False,False,False
9.46,1.6818573474884,0.652600765228271,0.93515819311142,0.910991966724396,12.5901975631714,24.2321357727051,13.412015914917,,False,0,0.334048354804386,False,0,False,False,False,False,False
9.48,1.694411277771,0.642056047916412,0.9200479388237,0.896272122859955,12.5903348922729,24.2426795959473,13.4118785858154,,False,0,0.328777621540258,False,0,False,False,False,False,False
9.5,1.70737433433533,0.642056047916412,0.9200479388237,0.896272122859955,12.5903348922729,24.2426795959473,13.4118785858154,,False,0,0.323506964463057,False,0,False,False,False,False,False
9.52,1.69271087646484,0.642056047916412,0.9200479388237,0.896272122859955,12.5903348922729,24.2426795959473,13.4118785858154,,False,0,0.32349778579825,False,0,False,False,False,False,False
9.54,1.67835855484009,0.642056047916412,0.9200479388237,0.896272122859955,12.5903348922729,24.2426795959473,13.4118785858154,,False,0,0.323488898367255,False,0,False,False,False,False,False
9.559999,1.66400635242462,0.642056047916412,0.9200479388237,0.896272122859955,12.5903348922729,24.2426795959473,13.4118785858154,,False,0,0.3234801058727,False,0,False,False,False,False,False
9.58,1.64965415000916,0.642056047916412,0.9200479388237,0.896272122859955,12.5903348922729,24.2426795959473,13.4118785858154,,False,0,0.323471408375047,False,0,False,False,False,False,False
9.599999,1.63530158996582,0.642056047916412,0.9200479388237,0.896272122859955,12.5903348922729,24.2426795959473,13.4118785858154,,False,0,0.323462805820428,False,0,False,False,False,False,False
9.62,1.62094926834106,0.642056047916412,0.9200479388237,0.896272122859955,12.5903348922729,24.2426795959473,13.4118785858154,,False,0,0.323454298252007,False,0,False,False,False,False,False
9.639999,1.60659730434418,0.642056047916412,0.9200479388237,0.896272122859955,12.5903348922729,24.2426795959473,13.4118785858154,,False,0,0.323445885687362,False,0,False,False,False,False,False
9.66,1.59255707263947,0.642056047916412,0.9200479388237,0.896272122859955,12.5903348922729,24.2426795959473,13.4118785858154,,False,0,0.323437747849532,False,0,False,False,False,False,False
9.679999,1.57851707935333,0.642056047916412,0.9200479388237,0.896272122859955,12.5903348922729,24.2426795959473,13.4118785858154,,False,0,0.323429700916842,False,0,False,False,False,False,False
9.7,1.56447684764862,0.642056047916412,0.9200479388237,0.896272122859955,12.5903348922729,24.2426795959473,13.4118785858154,,False,0,0.323421744923825,False,0,False,False,False,False,False
9.719999,1.5504367351532,0.642056047916412,0.9200479388237,0.896272122859955,12.5903348922729,24.2426795959473,13.4118785858154,,False,0,0.323413879821564,False,0,False,False,False,False,False
9.74,1.53639686107636,0.642056047916412,0.9200479388237,0.896272122859955,12.5903348922729,24.2426795959473,13.4118785858154,,False,0,0.323406105644571,False,0,False,False,False,False,False
9.76,1.52235651016235,0.642056047916412,0.9200479388237,0.896272122859955,12.5903348922729,24.2426795959473,13.4118785858154,,False,0,0.323398422436491,False,0,False,False,False,False,False
9.78,1.50862848758698,0.642056047916412,0.9200479388237,0.896272122859955,12.5903348922729,24.2426795959473,13.4118785858154,,False,0,0.323390997915851,False,0,False,False,False,False,False
9.8,1.49490034580231,0.642056047916412,0.9200479388237,0.896272122859955,12.5903348922729,24.2426795959473,13.4118785858154,,False,0,0.32338366031457,False,0,False,False,False,False,False
9.82,1.48117244243622,0.642056047916412,0.9200479388237,0.896272122859955,12.5903348922729,24.2426795959473,13.4118785858154,,False,0,0.323376409696308,False,0,False,False,False,False,False
9.84,1.46744430065155,0.642056047916412,0.9200479388237,0.896272122859955,12.5903348922729,24.2426795959473,13.4118785858154,,False,0,0.323369246018246,False,0,False,False,False,False,False
9.86,1.4537159204483,0.642056047916412,0.9200479388237,0.896272122859955,12.5903348922729,24.2426795959473,13.4118785858154,,False,0,0.323362169295457,False,0,False,False,False,False,False
9.88,1.4399881362915,0.642056047916412,0.9200479388237,0.896272122859955,12.5903348922729,24.2426795959473,13.4118785858154,,False,0,0.32335517956404,False,0,False,False,False,False,False
9.9,1.42626011371613,0.642056047916412,0.9200479388237,0.896272122859955,12.5903348922729,24.2426795959473,13.4118785858154,,False,0,0.323348276799246,False,0,False,False,False,False,False
9.92,1.41284418106079,0.642056047916412,0.9200479388237,0.896272122859955,12.5903348922729,24.2426795959473,13.4118785858154,,False,0,0.323341614934622,False,0,False,False,False,False,False
9.94,1.39942824840546,0.642056047916412,0.9200479388237,0.896272122859955,12.5903348922729,24.2426795959473,13.4118785858154,,False,0,0.323335036158834,False,0,False,False,False,False,False
9.96,1.38601207733154,0.642056047916412,0.9200479388237,0.896272122859955,12.5903348922729,24.2426795959473,13.4118785858154,,False,0,0.32332854046656,False,0,False,False,False,False,False
9.98,1.37259638309479,0.642056047916412,0.9200479388237,0.896272122859955,12.5903348922729,24.2426795959473,13.4118785858154,,False,0,0.323322127841446,False,0,False,False,False,False,False
10,1.35918045043945,0.642056047916412,0.9200479388237,0.896272122859955,12.5903348922729,24.2426795959473,13.4118785858154,,False,0,0.323315798309621,False,0,False,False,False,False,False
10.02,1.3457647562027,0.642056047916412,0.9200479388237,0.896272122859955,12.5903348922729,24.2426795959473,13.4118785858154,,False,0,0.323309551886624,False,0,False,False,False,False,False
10.04,1.33266079425812,0.642056047916412,0.9200479388237,0.896272122859955,12.5903348922729,24.2426795959473,13.4118785858154,,False,0,0.32330353095605,False,0,False,False,False,False,False
10.06,1.31955683231354,0.642056047916412,0.9200479388237,0.896272122859955,12.5903348922729,24.2426795959473,13.4118785858154,,False,0,0.323297589291176,False,0,False,False,False,False,False
10.08,1.30645334720612,0.642056047916412,0.9200479388237,0.896272122859955,12.5903348922729,24.2426795959473,13.4118785858154,,False,0,0.323291726939185,False,0,False,False,False,False,False
10.1,1.29334962368011,0.642056047916412,0.9200479388237,0.896272122859955,12.5903348922729,24.2426795959473,13.4118785858154,,False,0,0.323285943861576,False,0,False,False,False,False,False
10.12,1.28024578094482,0.642056047916412,0.9200479388237,0.896272122859955,12.5903348922729,24.2426795959473,13.4118785858154,,False,0,0.32328024010542,False,0,False,False,False,False,False
10.14,1.26714205741882,0.642056047916412,0.9200479388237,0.896272122859955,12.5903348922729,24.2426795959473,13.4118785858154,,False,0,0.323274615642804,False,0,False,False,False,False,False
10.16,1.25403881072998,0.642056047916412,0.9200479388237,0.896272122859955,12.5903348922729,24.2426795959473,13.4118785858154,,False,0,0.32326907048857,False,0,False,False,False,False,False
10.18,1.24124693870544,0.642056047916412,0.9200479388237,0.896272122859955,12.5903348922729,24.2426795959473,13.4118785858154,,False,0,0.323263733864143,False,0,False,False,False,False,False
10.2,1.22845542430878,0.642056047916412,0.9200479388237,0.896272122859955,12.5903348922729,24.2426795959473,13.4118785858154,,False,0,0.323258472824101,False,0,False,False,False,False,False
10.22,1.21566390991211,0.642056047916412,0.9200479388237,0.896272122859955,12.5903348922729,24.2426795959473,13.4118785858154,,False,0,0.323253287372135,False,0,False,False,False,False,False
10.24,1.20287251472473,0.642056047916412,0.9200479388237,0.896272122859955,12.5903348922729,24.2426795959473,13.4118785858154,,False,0,0.323248177511881,False,0,False,False,False,False,False
10.26,1.19008076190948,0.642056047916412,0.9200479388237,0.896272122859955,12.5903348922729,24.2426795959473,13.4118785858154,,False,0,0.323243143246925,False,0,False,False,False,False,False
10.28,1.17728972434998,0.642056047916412,0.9200479388237,0.896272122859955,12.5903348922729,24.2426795959473,13.4118785858154,,False,0,0.323238184580799,False,0,False,False,False,False,False
10.3,1.16481053829193,0.642056047916412,0.9200479388237,0.896272122859955,12.5903348922729,24.2426795959473,13.4118785858154,,False,0,0.323233419716581,False,0,False,False,False,False,False
10.32,1.15233111381531,0.642056047916412,0.9200479388237,0.896272122859955,12.5903348922729,24.2426795959473,13.4118785858154,,False,0,0.323228726814911,False,0,False,False,False,False,False
10.34,1.13985180854797,0.642056047916412,0.9200479388237,0.896272122859955,12.5903348922729,24.2426795959473,13.4118785858154,,False,0,0.323224105900468,False,0,False,False,False,False,False
10.36,1.12737250328064,0.642056047916412,0.9200479388237,0.896272122859955,12.5903348922729,24.2426795959473,13.4118785858154,,False,0,0.323219556954971,False,0,False,False,False,False,False
10.38,1.1148933172226,0.642056047916412,0.9200479388237,0.896272122859955,12.5903348922729,24.2426795959473,13.4118785858154,,False,0,0.323215079959564,False,0,False,False,False,False,False
10.4,1.10241425037384,0.642056047916412,0.9200479388237,0.896272122859955,12.5903348922729,24.2426795959473,13.4118785858154,,False,0,0.323210674938956,False,0,False,False,False,False,False
10.42,1.08993518352509,0.642056047916412,0.9200479388237,0.896272122859955,12.5903348922729,24.2426795959473,13.4118785858154,,False,0,0.32320634189609,False,0,False,False,False,False,False
10.44,1.0777679681778,0.642056047916412,0.9200479388237,0.896272122859955,12.5903348922729,24.2426795959473,13.4118785858154,,False,0,0.323202186439865,False,0,False,False,False,False,False
10.46,1.06560111045837,0.642056047916412,0.9200479388237,0.896272122859955,12.5903348922729,24.2426795959473,13.4118785858154,,False,0,0.323198099466887,False,0,False,False,False,False,False
10.48,1.05343425273895,0.642056047916412,0.9200479388237,0.896272122859955,12.5903348922729,24.2426795959473,13.4118785858154,,False,0,0.323194080914988,False,0,False,False,False,False,False
10.5,1.04126739501953,0.642056047916412,0.9200479388237,0.896272122859955,12.5903348922729,24.2426795959473,13.4118785858154,,False,0,0.323190130797471,False,0,False,False,False,False,False
10.52,1.02910053730011,0.642056047916412,0.9200479388237,0.896272122859955,12.5903348922729,24.2426795959473,13.4118785858154,,False,0,0.323186249116843,False,0,False,False,False,False,False
10.54,1.01693379878998,0.642056047916412,0.9200479388237,0.896272122859955,12.5903348922729,24.2426795959473,13.4118785858154,,False,0,0.323182435875573,False,0,False,False,False,False,False
10.56,1.00476682186127,0.642056047916412,0.9200479388237,0.896272122859955,12.5903348922729,24.2426795959473,13.4118785858154,,False,0,0.323178691076081,False,0,False,False,False,False,False
10.58,0.99291205406189,0.642056047916412,0.9200479388237,0.896272122859955,12.5903348922729,24.2426795959473,13.4118785858154,,False,0,0.323175108131261,False,0,False,False,False,False,False
10.6,0.981057345867157,0.642056047916412,0.9200479388237,0.896272122859955,12.5903348922729,24.2426795959473,13.4118785858154,,False,0,0.323171590178598,False,0,False,False,False,False,False
10.62,0.969202816486359,0.642056047916412,0.9200479388237,0.896272122859955,12.5903348922729,24.2426795959473,13.4118785858154,,False,0,0.323168137187829,False,0,False,False,False,False,False
10.64,0.957348346710205,0.642056047916412,0.9200479388237,0.896272122859955,12.5903348922729,24.2426795959473,13.4118785858154,,False,0,0.323164749204218,False,0,False,False,False,False,False
10.66,0.945493698120117,0.642056047916412,0.9200479388237,0.896272122859955,12.5903348922729,24.2426795959473,13.4118785858154,,False,0,0.323161426186628,False,0,False,False,False,False,False
10.68,0.933639407157898,0.642056047916412,0.9200479388237,0.896272122859955,12.5903348922729,24.2426795959473,13.4118785858154,,False,0,0.323158168180245,False,0,False,False,False,False,False
10.7,0.921784937381744,0.642056047916412,0.9200479388237,0.896272122859955,12.5903348922729,24.2426795959473,13.4118785858154,,False,0,0.323154975143853,False,0,False,False,False,False,False
10.72,0.910242676734924,0.642056047916412,0.9200479388237,0.896272122859955,12.5903348922729,24.2426795959473,13.4118785858154,,False,0,0.323151928606506,False,0,False,False,False,False,False
10.74,0.898700416088104,0.642056047916412,0.9200479388237,0.896272122859955,12.5903348922729,24.2426795959473,13.4118785858154,,False,0,0.323148943732552,False,0,False,False,False,False,False
10.76,0.887158215045929,0.642056047916412,0.9200479388237,0.896272122859955,12.5903348922729,24.2426795959473,13.4118785858154,,False,0,0.323146020403228,False,0,False,False,False,False,False
10.78,0.875615894794464,0.642056047916412,0.9200479388237,0.896272122859955,12.5903348922729,24.2426795959473,13.4118785858154,,False,0,0.323143158697009,False,0,False,False,False,False,False
10.8,0.864073872566223,0.642056047916412,0.9200479388237,0.896272122859955,12.5903348922729,24.2426795959473,13.4118785858154,,False,0,0.323140358648054,False,0,False,False,False,False,False
10.82,0.852531850337982,0.642056047916412,0.9200479388237,0.896272122859955,12.5903348922729,24.2426795959473,13.4118785858154,,False,0,0.323137620203498,False,0,False,False,False,False,False
10.84,0.840989828109741,0.642056047916412,0.9200479388237,0.896272122859955,12.5903348922729,24.2426795959473,13.4118785858154,,False,0,0.32313494346353,False,0,False,False,False,False,False
10.86,0.829447865486145,0.642056047916412,0.9200479388237,0.896272122859955,12.5903348922729,24.2426795959473,13.4118785858154,,False,0,0.323132328309203,False,0,False,False,False,False,False
10.88,0.818217933177948,0.642056047916412,0.9200479388237,0.896272122859955,12.5903348922729,24.2426795959473,13.4118785858154,,False,0,0.323129842990218,False,0,False,False,False,False,False
10.9,0.806988000869751,0.642056047916412,0.9200479388237,0.896272122859955,12.5903348922729,24.2426795959473,13.4118785858154,,False,0,0.323127415994453,False,0,False,False,False,False,False
10.92,0.795758187770844,0.642056047916412,0.9200479388237,0.896272122859955,12.5903348922729,24.2426795959473,13.4118785858154,,False,0,0.323125047345738,False,0,False,False,False,False,False
10.94,0.784528434276581,0.642056047916412,0.9200479388237,0.896272122859955,12.5903348922729,24.2426795959473,13.4118785858154,,False,0,0.323122737045357,False,0,False,False,False,False,False
10.96,0.773298740386963,0.642056047916412,0.9200479388237,0.896272122859955,12.5903348922729,24.2426795959473,13.4118785858154,,False,0,0.323120485094562,False,0,False,False,False,False,False
10.98,0.762069165706635,0.642056047916412,0.9200479388237,0.896272122859955,12.5903348922729,24.2426795959473,13.4118785858154,,False,0,0.323118291494572,False,0,False,False,False,False,False
11,0.750839591026306,0.642056047916412,0.9200479388237,0.896272122859955,12.5903348922729,24.2426795959473,13.4118785858154,,False,0,0.323116156246576,False,0,False,False,False,False,False
11.02,0.739610195159912,0.642056047916412,0.9200479388237,0.896272122859955,12.5903348922729,24.2426795959473,13.4118785858154,,False,0,0.32311407935173,False,0,False,False,False,False,False
11.04,0.728692650794983,0.642056047916412,0.9200479388237,0.896272122859955,12.5903348922729,24.2426795959473,13.4118785858154,,False,0,0.323112116093759,False,0,False,False,False,False,False
11.06,0.717775285243988,0.642056047916412,0.9200479388237,0.896272122859955,12.5903348922729,24.2426795959473,13.4118785858154,,False,0,0.323110207994192,False,0,False,False,False,False,False
11.08,0.706857979297638,0.642056047916412,0.9200479388237,0.896272122859955,12.5903348922729,24.2426795959473,13.4118785858154,,False,0,0.323108355054006,False,0,False,False,False,False,False
11.1,0.695940732955933,0.642056047916412,0.9200479388237,0.896272122859955,12.5903348922729,24.2426795959473,13.4118785858154,,False,0,0.323106557251631,False,0,False,False,False,False,False
11.12,0.685023546218872,0.642056047916412,0.9200479388237,0.896272122859955,12.5903348922729,24.2426795959473,13.4118785858154,,False,0,0.323104814633025,False,0,False,False,False,False,False
11.14,0.674106299877167,0.642056047916412,0.9200479388237,0.896272122859955,12.5903348922729,24.2426795959473,13.4118785858154,,False,0,0.323103127176562,False,0,False,False,False,False,False
11.16,0.663189351558685,0.642056047916412,0.9200479388237,0.896272122859955,12.5903348922729,24.2426795959473,13.4118785858154,,False,0,0.323101494883107,False,0,False,False,False,False,False
11.18,0.652584135532379,0.642056047916412,0.9200479388237,0.896272122859955,12.5903348922729,24.2426795959473,13.4118785858154,,False,0,0.323099962048795,False,0,False,False,False,False,False
11.2,0.641979157924652,0.642056047916412,0.9200479388237,0.896272122859955,12.5903348922729,24.2426795959473,13.4118785858154,,False,0,0.323098481271879,False,0,False,False,False,False,False
11.22,0.631374299526215,0.642056047916412,0.9200479388237,0.896272122859955,12.5903348922729,24.2426795959473,13.4118785858154,,False,0,0.323097052553076,False,0,False,False,False,False,False
11.24,0.620769262313843,0.642056047916412,0.9200479388237,0.896272122859955,12.5903348922729,24.2426795959473,13.4118785858154,,False,0,0.323095675893076,False,0,False,False,False,False,False
11.26,0.610164523124695,0.642056047916412,0.9200479388237,0.896272122859955,12.5903348922729,24.2426795959473,13.4118785858154,,False,0,0.323094351303781,False,0,False,False,False,False,False
11.28,0.599559783935547,0.642056047916412,0.9200479388237,0.896272122859955,12.5903348922729,24.2426795959473,13.4118785858154,,False,0,0.32309307877464,False,0,False,False,False,False,False
11.3,0.588955104351044,0.642056047916412,0.9200479388237,0.896272122859955,12.5903348922729,24.2426795959473,13.4118785858154,,False,0,0.323091858294941,False,0,False,False,False,False,False
11.32,0.578350365161896,0.642056047916412,0.9200479388237,0.896272122859955,12.5903348922729,24.2426795959473,13.4118785858154,,False,0,0.323090689876555,False,0,False,False,False,False,False
11.34,0.567745923995972,0.642056047916412,0.9200479388237,0.896272122859955,12.5903348922729,24.2426795959473,13.4118785858154,,False,0,0.323089573520048,False,0,False,False,False,False,False
11.36,0.557453453540802,0.642056047916412,0.9200479388237,0.896272122859955,12.5903348922729,24.2426795959473,13.4118785858154,,False,0,0.323088539785617,False,0,False,False,False,False,False
11.38,0.547160804271698,0.642056047916412,0.9200479388237,0.896272122859955,12.5903348922729,24.2426795959473,13.4118785858154,,False,0,0.323087555096616,False,0,False,False,False,False,False
11.4,0.536868393421173,0.642056047916412,0.9200479388237,0.896272122859955,12.5903348922729,24.2426795959473,13.4118785858154,,False,0,0.323086619453494,False,0,False,False,False,False,False
11.42,0.526576101779938,0.642056047916412,0.9200479388237,0.896272122859955,12.5903348922729,24.2426795959473,13.4118785858154,,False,0,0.323085732868003,False,0,False,False,False,False,False
11.44,0.516283690929413,0.642056047916412,0.9200479388237,0.896272122859955,12.5903348922729,24.2426795959473,13.4118785858154,,False,0,0.323084895329265,False,0,False,False,False,False,False
11.46,0.505991697311401,0.642056047916412,0.9200479388237,0.896272122859955,12.5903348922729,24.2426795959473,13.4118785858154,,False,0,0.323084106860622,False,0,False,False,False,False,False
