timestamp,rotation,northRay,northwestRay,northeastRay,eastRay,southRay,westRay,fitness,doorClosed,checkpointMet,distanceFromPlayer,seesKey,mouseRotation,forwardButtonPressed,backButtonPressed,leftButtonPressed,rightButtonPressed,keyButtonPressed
0.86,,,,,,,,,,,,False,,,,,,
0.88,185.588455200195,3.1435341835022,4.44562864303589,4.44563102722168,7.32590293884277,48.7883262634277,18.6740837097168,,False,0,27.9991789121743,False,0,False,False,False,False,False
0.9,185.588455200195,3.1435341835022,4.44562864303589,4.44563102722168,7.32590293884277,48.7883262634277,18.6740837097168,,False,0,27.9991789121743,False,0,False,False,False,False,False
0.92,185.588455200195,3.1435341835022,4.44562864303589,4.44563102722168,7.32590293884277,48.7883262634277,18.6740837097168,,False,0,27.9991789121743,False,0,False,False,False,False,False
0.94,185.588455200195,3.1435341835022,4.44562864303589,4.44563102722168,7.32590293884277,48.7883262634277,18.6740837097168,,False,0,27.9991789121743,False,0,False,False,False,False,False
0.96,185.588455200195,3.1435341835022,4.44562864303589,4.44563102722168,7.32590293884277,48.7883262634277,18.6740837097168,,False,0,27.9991789121743,False,0,False,False,False,False,False
0.98,185.588455200195,3.1435341835022,4.44562864303589,4.44563102722168,7.32590293884277,48.7883262634277,18.6740837097168,,False,0,27.9991789121743,False,0,False,False,False,False,False
1,185.588455200195,3.1435341835022,4.44562864303589,4.44563102722168,7.32590293884277,48.7883262634277,18.6740837097168,,False,0,27.9991789121743,False,0,False,False,False,False,False
1.02,185.588455200195,3.1435341835022,4.44562864303589,4.44563102722168,7.32590293884277,48.7883262634277,18.6740837097168,,False,0,27.9991789121743,False,0,False,False,False,False,False
1.04,185.588455200195,3.1435341835022,4.44562864303589,4.44563102722168,7.32590293884277,48.7883262634277,18.6740837097168,,False,0,27.9991789121743,False,0,False,False,False,False,False
1.06,185.588455200195,3.1435341835022,4.44562864303589,4.44563102722168,7.32590293884277,48.7883262634277,18.6740837097168,,False,0,27.9991789121743,False,0,False,False,False,False,False
1.08,185.588455200195,3.1435341835022,4.44562864303589,4.44563102722168,7.32590293884277,48.7883262634277,18.6740837097168,,False,0,27.9991789121743,False,0,False,False,False,False,False
1.1,185.588455200195,3.1435341835022,4.44562864303589,4.44563102722168,7.32590293884277,48.7883262634277,18.6740837097168,,False,0,27.9991789121743,False,0,False,False,False,False,False
1.12,185.588455200195,3.1435341835022,4.44562864303589,4.44563102722168,7.32590293884277,48.7883262634277,18.6740837097168,,False,0,27.9991789121743,False,0,False,False,False,False,False
1.14,185.588455200195,3.1435341835022,4.44562864303589,4.44563102722168,7.32590293884277,48.7883262634277,18.6740837097168,,False,0,27.9991789121743,False,0,False,False,False,False,False
1.16,185.588455200195,3.1435341835022,4.44562864303589,4.44563102722168,7.32590293884277,48.7883262634277,18.6740837097168,,False,0,27.9991789121743,False,0,False,False,False,False,False
1.18,185.588455200195,3.1435341835022,4.44562864303589,4.44563102722168,7.32590293884277,48.7883262634277,18.6740837097168,,False,0,27.9991789121743,False,0,False,False,False,False,False
1.2,185.588455200195,3.1435341835022,4.44562864303589,4.44563102722168,7.32590293884277,48.7883262634277,18.6740837097168,,False,0,27.9991789121743,False,-0.474999994039536,False,False,False,False,False
1.22,186.729919433594,3.15438461303711,4.86524295806885,4.11873531341553,7.34787750244141,48.9564437866211,18.7417125701904,,False,0,27.9991789121743,False,-0.474999994039536,False,False,False,False,False
1.24,187.890365600586,3.15438461303711,4.86524295806885,4.11873531341553,7.34787750244141,48.9564437866211,18.7417125701904,,False,0,27.9991789121743,False,-0.949999988079071,False,False,False,False,False
1.26,190.282821655273,3.24254488945007,6.1467170715332,3.65691471099854,7.5484299659729,29.6390972137451,19.2769584655762,,False,0,27.9991789121743,False,-0.949999988079071,False,False,False,False,False
1.28,192.797500610352,3.24254488945007,6.1467170715332,3.65691471099854,7.5484299659729,29.6390972137451,19.2769584655762,,False,0,27.9991789121743,False,-1.64999997615814,False,False,False,False,False
1.3,197.567779541016,3.65245366096497,12.7519826889038,3.23859047889709,6.13922500610352,14.288384437561,21.7527446746826,,False,0,27.9991789121743,False,-1.64999997615814,False,False,False,False,False
1.32,203.06623840332,3.65245366096497,12.7519826889038,3.23859047889709,6.13922500610352,14.288384437561,21.7527446746826,,False,0,27.9991789121743,False,-0.800000011920929,False,False,False,False,False
1.34,206.091369628906,4.02114152908325,18.8108940124512,3.15477681159973,5.01024055480957,11.6642093658447,23.9767532348633,,False,0,27.9991789121743,False,-0.800000011920929,False,False,False,False,False
1.36,209.41552734375,4.7611927986145,18.7471752166748,3.13863110542297,4.1571159362793,9.68524932861328,28.4388046264648,,False,0,27.9991789121743,False,-2.02500009536743,False,False,False,False,False
1.38,219.581970214844,4.7611927986145,18.7471752166748,3.13863110542297,4.1571159362793,9.68524932861328,28.4388046264648,,False,0,27.9991789121743,False,-1.14999997615814,False,False,False,False,False
1.4,226.819717407227,6.32229518890381,19.4036159515381,3.24124574661255,3.59521627426147,8.38719177246094,37.8894996643066,,False,0,27.9991789121743,False,-1.14999997615814,False,False,False,False,False
1.42,235.398406982422,6.32229518890381,19.4036159515381,3.24124574661255,3.59521627426147,8.38719177246094,37.8894996643066,,False,0,27.9991789121743,False,-2.52500009536743,False,False,False,False,False
1.44,259.221740722656,18.7696552276611,24.6578216552734,4.09630870819092,3.1181321144104,7.30631017684937,48.9654960632324,,False,0,27.9991789121743,False,-2.52500009536743,False,False,False,False,False
1.46,286.167205810547,18.7696552276611,24.6578216552734,4.09630870819092,3.1181321144104,7.30631017684937,48.9654960632324,,False,0,27.9991789121743,False,-1.14999997615814,False,False,False,False,False
1.48,297.262603759766,18.8607864379883,30.5168743133545,5.05124044418335,3.12529706954956,7.34153509140015,49.210693359375,,False,0,27.9991789121743,False,-1.14999997615814,False,False,False,False,False
1.5,306.934539794922,19.7335300445557,41.9862480163574,6.93299245834351,3.26205682754517,7.68326091766357,22.9628524780273,,False,0,27.9991789121743,False,-2.27500009536743,False,False,False,False,False
1.52,321.942474365234,19.7335300445557,41.9862480163574,6.93299245834351,3.26205682754517,7.68326091766357,22.9628524780273,,False,0,27.9991789121743,False,-0.725000023841858,False,False,False,False,False
1.54,325.765655517578,20.7751274108887,51.7356719970703,9.36876392364502,3.42933297157288,7.1097469329834,16.7751388549805,,False,0,27.9991789121743,False,-0.725000023841858,False,False,False,False,False
1.56,329.223205566406,20.7751274108887,51.7356719970703,9.36876392364502,3.42933297157288,7.1097469329834,16.7751388549805,,False,0,27.9991789121743,False,-1.22500002384186,False,False,False,False,False
1.58,334.377319335938,23.7408199310303,49.2172546386719,18.848503112793,3.91043519973755,5.00513076782227,11.8441400527954,,False,0,27.9991789121743,False,-1.22500002384186,False,False,False,False,False
1.6,338.846588134766,24.8338203430176,48.964054107666,18.7495861053467,4.08847045898438,4.68257761001587,11.0889825820923,,False,0,27.9991789121743,False,-0.625,False,False,False,False,False
1.62,340.918426513672,24.8338203430176,48.964054107666,18.7495861053467,4.08847045898438,4.68257761001587,11.0889825820923,,False,0,27.9991789121743,False,-0.625,False,False,False,False,False
1.64,342.874267578125,24.8338203430176,48.964054107666,18.7495861053467,4.08847045898438,4.68257761001587,11.0889825820923,,False,0,27.9991789121743,False,-0.625,False,False,False,False,False
1.66,344.730133056641,29.4025535583496,49.082763671875,18.7888221740723,4.83440017700195,3.98517346382141,9.45753192901611,,False,0,27.9991789121743,False,-0.625,False,False,False,False,False
1.68,346.500091552734,33.6945343017578,37.3176765441895,19.0656185150146,5.53045558929443,3.69533467292786,8.78049850463867,,False,0,27.9991789121743,False,-1.14999997615814,False,False,False,False,False
1.7,349.573364257813,33.6945343017578,37.3176765441895,19.0656185150146,5.53045558929443,3.69533467292786,8.78049850463867,,False,0,27.9991789121743,False,-0.550000011920929,True,False,False,False,False
1.72,350.971038818359,39.5179595947266,25.313850402832,19.5120964050293,6.5313286781311,3.50941181182861,8.30496978759766,,False,0,27.9877871676231,False,-0.550000011920929,True,False,False,False,False
1.74,352.334259033203,39.5179595947266,25.313850402832,19.5120964050293,6.5313286781311,3.50941181182861,8.30496978759766,,False,0,27.9762205284238,False,-0.100000001490116,True,False,False,False,False
1.76,352.572570800781,39.5179595947266,25.313850402832,19.5120964050293,6.5313286781311,3.50941181182861,8.30496978759766,,False,0,27.9519511985573,False,-0.100000001490116,True,False,False,False,False
1.78,352.810180664063,41.4777870178223,23.4743175506592,19.636417388916,7.01658058166504,3.53665065765381,8.23234081268311,,False,0,27.9276230462917,False,-0.100000001490116,True,False,False,False,False
1.8,353.047119140625,43.3269691467285,22.0716037750244,19.7660961151123,7.4107985496521,3.53477191925049,8.16283321380615,,False,0,27.903240051082,False,-0.25,True,False,False,False,False
1.82,353.643493652344,43.3269691467285,22.0716037750244,19.7660961151123,7.4107985496521,3.53477191925049,8.16283321380615,,False,0,27.8680322990691,False,-0.025000000372529,True,False,False,False,False
1.84,353.692077636719,43.3269691467285,22.0716037750244,19.7660961151123,7.4107985496521,3.53477191925049,8.16283321380615,,False,0,27.8190746962002,False,-0.025000000372529,True,False,False,False,False
1.86,353.740692138672,43.7784461975098,21.8616943359375,19.7436962127686,7.83550119400024,3.67458939552307,8.20901203155518,,False,0,27.7700957743796,False,-0.025000000372529,True,False,False,False,False
1.88,353.789367675781,44.5486640930176,21.4209060668945,19.7795581817627,8.11676597595215,3.72043251991272,8.20409488677979,,False,0,27.7210972918434,False,-0.100000001490116,True,False,False,False,False
1.9,354.016052246094,44.5486640930176,21.4209060668945,19.7795581817627,8.11676597595215,3.72043251991272,8.20409488677979,,False,0,27.6617537644898,False,-0.025000000372529,True,False,False,False,False
1.92,354.059509277344,44.5486640930176,21.4209060668945,19.7795581817627,8.11676597595215,3.72043251991272,8.20409488677979,,False,0,27.5882834877171,False,-0.025000000372529,True,False,False,False,False
1.94,354.102996826172,44.9673614501953,21.3142414093018,19.7282199859619,8.73531150817871,3.93497323989868,8.28225421905518,,False,0,27.5147884914809,False,-0.025000000372529,True,False,False,False,False
1.96,354.146545410156,44.9673614501953,21.3142414093018,19.7282199859619,8.73531150817871,3.93497323989868,8.28225421905518,,False,0,27.4412663110424,False,-0.025000000372529,True,False,False,False,False
1.98,354.187957763672,45.2358818054199,21.2666835784912,19.6862525939941,9.20441055297852,4.09807014465332,8.34254837036133,,False,0,27.3577971173312,False,-0.025000000372529,True,False,False,False,False
2,354.229400634766,45.2358818054199,21.2666835784912,19.6862525939941,9.20441055297852,4.09807014465332,8.34254837036133,,False,0,27.2743017119926,False,-0.025000000372529,True,False,False,False,False
2.02,354.267791748047,45.4831352233887,21.2510852813721,19.632661819458,9.74972248077393,4.28998327255249,8.41484260559082,,False,0,27.1765830590222,False,-0.025000000372529,True,False,False,False,False
2.04,354.306213378906,45.4831352233887,21.2510852813721,19.632661819458,9.74972248077393,4.28998327255249,8.41484260559082,,False,0,27.0788366692384,False,0,True,False,False,False,False
2.06,354.284759521484,45.2831382751465,21.4733333587646,19.5462341308594,10.2042579650879,4.48998355865479,8.50284671783447,,False,0,26.9811049211271,False,0,True,False,False,False,False
2.08,354.263153076172,45.2831382751465,21.4733333587646,19.5462341308594,10.2042579650879,4.48998355865479,8.50284671783447,,False,0,26.8833898632212,False,-0.0750000029802322,True,False,False,False,False
2.1,354.421112060547,46.4729232788086,20.9872512817383,19.5625,10.9879865646362,4.66412496566772,8.54092597961426,,False,0,26.7855543792361,False,-0.0750000029802322,True,False,False,False,False
2.12,354.579284667969,46.4729232788086,20.9872512817383,19.5625,10.9879865646362,4.66412496566772,8.54092597961426,,False,0,26.6876009013697,False,-0.025000000372529,True,False,False,False,False
2.14,354.618316650391,46.7551231384277,20.9684162139893,19.5132846832275,11.5787515640259,4.85537433624268,8.60947036743164,,False,0,26.5896200682175,False,-0.025000000372529,True,False,False,False,False
2.16,354.657409667969,46.7551231384277,20.9684162139893,19.5132846832275,11.5787515640259,4.85537433624268,8.60947036743164,,False,0,26.4916093182932,False,-0.0750000029802322,True,False,False,False,False
2.18,354.815795898438,48.0630187988281,20.5144996643066,19.5374774932861,12.4466648101807,5.02877902984619,8.64516258239746,,False,0,26.3934843844551,False,-0.0750000029802322,True,False,False,False,False
2.2,354.974395751953,48.0630187988281,20.5144996643066,19.5374774932861,12.4466648101807,5.02877902984619,8.64516258239746,,False,0,26.295250002205,False,0,True,False,False,False,False
2.22,354.954956054688,47.8630218505859,20.7062454223633,19.4560852050781,12.9416856765747,5.22877979278564,8.72596740722656,,False,0,26.1970289776884,False,0,True,False,False,False,False
2.24,354.935394287109,47.8630218505859,20.7062454223633,19.4560852050781,12.9416856765747,5.22877979278564,8.72596740722656,,False,0,26.0988195901512,False,-0.0750000029802322,True,False,False,False,False
2.26,355.094024658203,49.2670021057129,20.2711544036865,19.48610496521,13.8892478942871,5.40123128890991,8.75973510742188,,False,0,26.0005045225499,False,-0.0750000029802322,True,False,False,False,False
2.28,355.252899169922,49.2670021057129,20.2711544036865,19.48610496521,13.8892478942871,5.40123128890991,8.75973510742188,,False,0,25.9020833003329,False,-0.125,True,False,False,False,False
2.3,355.530395507813,49.7084503173828,19.4841499328613,19.6022129058838,15.2658033370972,5.55629777908325,8.7628231048584,,False,0,25.8034847037837,False,-0.125,True,False,False,False,False
2.32,355.808166503906,49.7084503173828,19.4841499328613,19.6022129058838,15.2658033370972,5.55629777908325,8.7628231048584,,False,0,25.7047206087894,False,-0.125,True,False,False,False,False
2.34,356.086181640625,49.1292381286621,18.7670936584473,19.7347106933594,16.8302898406982,5.71311378479004,8.76566696166992,,False,0,25.6058014829557,False,-0.125,True,False,False,False,False
2.36,356.364562988281,49.1292381286621,18.7670936584473,19.7347106933594,16.8302898406982,5.71311378479004,8.76566696166992,,False,0,25.5067334269135,False,-0.0750000029802322,True,False,False,False,False
2.38,356.526153564453,48.7164840698242,18.4219226837158,19.794038772583,18.1211452484131,5.88791704177856,8.793776512146,,False,0,25.4075857840331,False,-0.0750000029802322,True,False,False,False,False
2.4,356.688140869141,48.7164840698242,18.4219226837158,19.794038772583,18.1211452484131,5.88791704177856,8.793776512146,,False,0,25.3083632541739,False,-0.100000001490116,True,False,False,False,False
2.42,356.908966064453,48.2496452331543,17.9421539306641,19.9068050384521,18.3797626495361,6.05508518218994,8.80820846557617,,False,0,25.2090402753417,False,-0.100000001490116,True,False,False,False,False
2.44,357.130279541016,48.2496452331543,17.9421539306641,19.9068050384521,18.3797626495361,6.05508518218994,8.80820846557617,,False,0,25.1096239260592,False,-0.150000005960464,True,False,False,False,False
2.46,357.468688964844,48.2496452331543,17.9421539306641,19.9068050384521,18.3797626495361,6.05508518218994,8.80820846557617,,False,0,25.0100776199285,False,-0.150000005960464,True,False,False,False,False
2.48,357.807739257813,19.6587543487549,16.882495880127,20.2527370452881,18.0912017822266,6.28623723983765,8.79478740692139,,False,0,24.9104268597,False,-0.150000005960464,True,False,False,False,False
2.5,358.147583007813,19.4720115661621,16.4414577484131,20.4355640411377,17.9860382080078,6.35822820663452,8.78103637695313,,False,0,24.8106714516143,False,-0.200000002980232,True,False,False,False,False
2.52,358.604217529297,19.4720115661621,16.4414577484131,20.4355640411377,17.9860382080078,6.35822820663452,8.78103637695313,,False,0,24.71081074936,False,-0.100000001490116,True,False,False,False,False
2.54,358.830352783203,19.4720115661621,16.4414577484131,20.4355640411377,17.9860382080078,6.35822820663452,8.78103637695313,,False,0,24.6109084170671,False,-0.100000001490116,True,False,False,False,False
2.56,359.057250976563,19.0555400848389,15.8909358978271,20.6927452087402,17.8088836669922,6.61904001235962,8.79688549041748,,False,0,24.5109718469196,False,-0.100000001490116,True,False,False,False,False
2.58,359.284973144531,18.8949279785156,15.5608472824097,20.8760929107666,17.7313804626465,6.69777870178223,8.7895450592041,,False,0,24.4110085168247,False,-0.174999997019768,True,False,False,False,False
2.6,359.687103271484,18.8949279785156,15.5608472824097,20.8760929107666,17.7313804626465,6.69777870178223,8.7895450592041,,False,0,24.3110152550455,False,-0.125,True,False,False,False,False
2.62,359.97509765625,18.8949279785156,15.5608472824097,20.8760929107666,17.7313804626465,6.69777870178223,8.7895450592041,,False,0,24.2110148104124,False,-0.125,True,False,False,False,False
2.64,0.264247745275497,18.8949279785156,15.5608472824097,20.8760929107666,17.7313804626465,6.69777870178223,8.7895450592041,,False,0,24.1110202899599,False,-0.125,True,False,False,False,False
2.66,0.55466890335083,18.8949279785156,15.5608472824097,20.8760929107666,17.7313804626465,6.69777870178223,8.7895450592041,,False,0,24.0110419088584,False,-0.125,True,False,False,False,False
2.68,0.846420168876648,45.3422622680664,14.5431184768677,21.5892753601074,17.4793663024902,7.13265037536621,8.79249572753906,,False,0,23.9110930738639,False,-0.125,True,False,False,False,False
2.7,1.13957512378693,45.1474571228027,14.2752885818481,21.8239192962646,17.4292411804199,7.21760988235474,8.78762912750244,,False,0,23.8111861805461,False,-0.174999997019768,True,False,False,False,False
2.72,1.55020785331726,45.1474571228027,14.2752885818481,21.8239192962646,17.4292411804199,7.21760988235474,8.78762912750244,,False,0,23.7113575004628,False,-0.025000000372529,True,False,False,False,False
2.74,1.61480247974396,44.9224662780762,14.2361011505127,21.8658599853516,17.3941802978516,7.41354703903198,8.80814075469971,,False,0,23.6115427180965,False,-0.025000000372529,True,False,False,False,False
2.76,1.67971587181091,44.9224662780762,14.2361011505127,21.8658599853516,17.3941802978516,7.41354703903198,8.80814075469971,,False,0,23.5117435399863,False,0,True,False,False,False,False
2.78,1.6869010925293,44.7224655151367,14.2765073776245,21.8344345092773,17.3691806793213,7.61354732513428,8.8331413269043,,False,0,23.4119460767166,False,0,True,False,False,False,False
2.8,1.69414758682251,44.7224655151367,14.2765073776245,21.8344345092773,17.3691806793213,7.61354732513428,8.8331413269043,,False,0,23.3121503503108,False,-0.0750000029802322,True,False,False,False,False
2.82,1.87566542625427,44.4533843994141,14.0788297653198,22.0310153961182,17.3187828063965,7.80160045623779,8.84297466278076,,False,0,23.2124015934859,False,-0.0750000029802322,True,False,False,False,False
2.84,2.05814337730408,44.4533843994141,14.0788297653198,22.0310153961182,17.3187828063965,7.80160045623779,8.84297466278076,,False,0,23.1127023035079,False,-0.100000001490116,True,False,False,False,False
2.86,2.29980087280273,44.4533843994141,14.0788297653198,22.0310153961182,17.3187828063965,7.80160045623779,8.84297466278076,,False,0,23.0130787727468,False,-0.100000001490116,True,False,False,False,False
2.88,2.54285764694214,44.0392913818359,13.6819248199463,22.4714393615723,17.2449645996094,8.0811185836792,8.84943008422852,,False,0,22.9135364872391,False,-0.100000001490116,True,False,False,False,False
2.9,2.78735995292664,43.9392929077148,13.6951131820679,22.4603233337402,17.2364349365234,8.18111801147461,8.85795974731445,,False,0,22.8140893373305,False,0,True,False,False,False,False
2.92,2.79967975616455,43.9392929077148,13.6951131820679,22.4603233337402,17.2364349365234,8.18111801147461,8.85795974731445,,False,0,22.7146432779372,False,0,True,False,False,False,False
2.94,2.81210851669312,43.9392929077148,13.6951131820679,22.4603233337402,17.2364349365234,8.18111801147461,8.85795974731445,,False,0,22.6152058641464,False,0,True,False,False,False,False
2.96,2.82464790344238,43.6392936706543,13.7346773147583,22.4269790649414,17.210844039917,8.48111724853516,8.8835506439209,,False,0,22.5157696702653,False,0,True,False,False,False,False
2.98,2.83729839324951,43.5392913818359,13.7478656768799,22.4158630371094,17.2023143768311,8.58111667633057,8.89208030700684,,False,0,22.4163422523021,False,0,True,False,False,False,False
3,2.85006499290466,43.5392913818359,13.7478656768799,22.4158630371094,17.2023143768311,8.58111667633057,8.89208030700684,,False,0,22.3169161882537,False,0,True,False,False,False,False
3.02,2.86294507980347,43.5392913818359,13.7478656768799,22.4158630371094,17.2023143768311,8.58111667633057,8.89208030700684,,False,0,22.2174990351202,False,0,True,False,False,False,False
3.04,2.87594246864319,43.2392959594727,13.7874298095703,22.3825168609619,17.1767253875732,8.88111591339111,8.91767024993896,,False,0,22.118083374724,False,0,True,False,False,False,False
3.06,2.8890585899353,43.2392959594727,13.7874298095703,22.3825168609619,17.1767253875732,8.88111591339111,8.91767024993896,,False,0,22.0186767651326,False,0,True,False,False,False,False
3.08,2.9022958278656,43.0392913818359,13.8138055801392,22.3602867126465,17.1596641540527,9.08111572265625,8.93473052978516,,False,0,21.9192717921363,False,0,True,False,False,False,False
3.1,2.91565275192261,42.9392967224121,13.8269939422607,22.3491725921631,17.1511344909668,9.18111515045166,8.94326019287109,,False,0,21.8198760149505,False,0,True,False,False,False,False
3.12,2.92913508415222,42.9392967224121,13.8269939422607,22.3491725921631,17.1511344909668,9.18111515045166,8.94326019287109,,False,0,21.7204820234829,False,0,True,False,False,False,False
3.14,2.94274067878723,42.9392967224121,13.8269939422607,22.3491725921631,17.1511344909668,9.18111515045166,8.94326019287109,,False,0,21.6210973781822,False,0,True,False,False,False,False
3.16,2.9564733505249,42.6392936706543,13.8665552139282,22.3158264160156,17.125545501709,9.48111629486084,8.96885395050049,,False,0,21.5217146732304,False,0,True,False,False,False,False
3.18,2.97033715248108,42.5392913818359,13.8797426223755,22.3047103881836,17.1170139312744,9.58111667633057,8.97738456726074,,False,0,21.4223396000161,False,0,True,False,False,False,False
3.2,2.98432898521423,42.5392913818359,13.8797426223755,22.3047103881836,17.1170139312744,9.58111667633057,8.97738456726074,,False,0,21.3229703683151,False,0,True,False,False,False,False
3.22,2.99845361709595,42.5392913818359,13.8797426223755,22.3047103881836,17.1170139312744,9.58111667633057,8.97738456726074,,False,0,21.2236070601775,False,0,True,False,False,False,False
3.24,3.01271271705627,42.2392921447754,13.9193077087402,22.2713661193848,17.091423034668,9.88111591339111,9.00297355651855,,False,0,21.1242497591924,False,0,True,False,False,False,False
3.26,3.02710914611816,42.2392921447754,13.9193077087402,22.2713661193848,17.091423034668,9.88111591339111,9.00297355651855,,False,0,21.0248985505237,False,0,True,False,False,False,False
3.28,3.04164242744446,42.0392913818359,13.9456834793091,22.2491340637207,17.0743637084961,10.0811166763306,9.02003383636475,,False,0,20.9255535209475,False,0,True,False,False,False,False
3.3,3.05631566047668,42.0392913818359,13.9456834793091,22.2491340637207,17.0743637084961,10.0811166763306,9.02003383636475,,False,0,20.8262128897194,False,0,True,False,False,False,False
3.32,3.07113122940063,41.8392944335938,13.9720592498779,22.2269039154053,17.0573024749756,10.2811164855957,9.03709411621094,,False,0,20.7268804855079,False,0,True,False,False,False,False
3.34,3.08609199523926,41.8392944335938,13.9720592498779,22.2269039154053,17.0573024749756,10.2811164855957,9.03709411621094,,False,0,20.6275545307797,False,0,True,False,False,False,False
3.36,3.10119843482971,41.639289855957,13.9984359741211,22.2046737670898,17.0402431488037,10.4811153411865,9.05415344238281,,False,0,20.5282351191524,False,0,True,False,False,False,False
3.38,3.11645197868347,41.639289855957,13.9984359741211,22.2046737670898,17.0402431488037,10.4811153411865,9.05415344238281,,False,0,20.4289223460579,False,0,True,False,False,False,False
3.4,3.13185787200928,41.4392967224121,14.0248117446899,22.1824436187744,17.0231838226318,10.6811151504517,9.071213722229,,False,0,20.3296163087865,False,0,True,False,False,False,False
3.42,3.14741611480713,41.4392967224121,14.0248117446899,22.1824436187744,17.0231838226318,10.6811151504517,9.071213722229,,False,0,20.230317106532,False,0,True,False,False,False,False
3.44,3.16312956809998,41.4392967224121,14.0248117446899,22.1824436187744,17.0231838226318,10.6811151504517,9.071213722229,,False,0,20.1310248404385,False,0,True,False,False,False,False
3.46,3.17900013923645,41.4392967224121,14.0248117446899,22.1824436187744,17.0231838226318,10.6811151504517,9.071213722229,,False,0,20.0317396136485,False,0,True,False,False,False,False
3.48,3.19503092765808,41.0392951965332,14.077564239502,22.1379833221436,16.9890632629395,11.0811138153076,9.1053352355957,,False,0,19.932461531352,False,0,True,False,False,False,False
3.5,3.21122479438782,41.0392951965332,14.077564239502,22.1379833221436,16.9890632629395,11.0811138153076,9.1053352355957,,False,0,19.8331907008375,False,0,True,False,False,False,False
3.52,3.22758269309998,40.8392944335938,14.1039400100708,22.1157531738281,16.9720039367676,11.2811136245728,9.12239456176758,,False,0,19.7339272315447,False,0,True,False,False,False,False
3.54,3.2441074848175,40.8392944335938,14.1039400100708,22.1157531738281,16.9720039367676,11.2811136245728,9.12239456176758,,False,0,19.6346712351178,False,0,True,False,False,False,False
3.56,3.26080298423767,40.6392974853516,14.130316734314,22.0935211181641,16.9549427032471,11.4811134338379,9.13945484161377,,False,0,19.5354228254618,False,0,True,False,False,False,False
3.58,3.27767038345337,40.6392974853516,14.130316734314,22.0935211181641,16.9549427032471,11.4811134338379,9.13945484161377,,False,0,19.4361821187994,False,0,True,False,False,False,False
3.6,3.29471445083618,40.4392929077148,14.1566925048828,22.0712909698486,16.9378852844238,11.6811122894287,9.15651512145996,,False,0,19.3369492337299,False,0,True,False,False,False,False
3.62,3.31193518638611,40.4392929077148,14.1566925048828,22.0712909698486,16.9378852844238,11.6811122894287,9.15651512145996,,False,0,19.2377242912905,False,0,True,False,False,False,False
3.64,3.32933688163757,40.2393074035645,14.1830682754517,22.0757617950439,16.9208240509033,11.8811120986938,9.17357444763184,,False,0,19.1385074150186,False,0,True,False,False,False,False
3.66,3.34692287445068,40.2393074035645,14.1830682754517,22.0757617950439,16.9208240509033,11.8811120986938,9.17357444763184,,False,0,19.0392987310164,False,0,True,False,False,False,False
3.68,3.36469531059265,40.0393028259277,14.2094449996948,22.0535297393799,16.9037647247314,12.081111907959,9.19063472747803,,False,0,18.9400983680179,False,0,True,False,False,False,False
3.7,3.38265752792358,40.0393028259277,14.2094449996948,22.0535297393799,16.9037647247314,12.081111907959,9.19063472747803,,False,0,18.8409064574573,False,0,True,False,False,False,False
3.72,3.40081119537354,39.8393058776855,14.2358207702637,22.0312995910645,16.8867053985596,12.2811107635498,9.2076940536499,,False,0,18.7417231335399,False,0,True,False,False,False,False
3.74,3.41916108131409,39.8393058776855,14.2358207702637,22.0312995910645,16.8867053985596,12.2811107635498,9.2076940536499,,False,0,18.6425485333156,False,0,True,False,False,False,False
3.76,3.43771004676819,39.6393051147461,14.2621965408325,22.009069442749,16.8696441650391,12.4811105728149,9.22475337982178,,False,0,18.5433827967536,False,0,True,False,False,False,False
3.78,3.45646142959595,39.6393051147461,14.2621965408325,22.009069442749,16.8696441650391,12.4811105728149,9.22475337982178,,False,0,18.444226066821,False,0,True,False,False,False,False
3.8,3.47541666030884,39.4393081665039,14.2885732650757,21.9868392944336,16.8525848388672,12.6811103820801,9.24181365966797,,False,0,18.3450784895625,False,0,True,False,False,False,False
3.82,3.49458265304565,39.4393081665039,14.2885732650757,21.9868392944336,16.8525848388672,12.6811103820801,9.24181365966797,,False,0,18.2459402141838,False,0,True,False,False,False,False
3.84,3.51395988464355,39.4393081665039,14.2885732650757,21.9868392944336,16.8525848388672,12.6811103820801,9.24181365966797,,False,0,18.1468113931368,False,0,True,False,False,False,False
3.86,3.53355383872986,39.1393051147461,14.3281373977661,21.9534912109375,16.8269939422607,12.9811096191406,9.26740455627441,,False,0,18.0476921822083,False,0,True,False,False,False,False
3.88,3.55336499214172,39.0393104553223,14.3413257598877,21.9423751831055,16.8184642791748,13.081109046936,9.27593421936035,,False,0,17.9485827406108,False,0,True,False,False,False,False
3.9,3.57340168952942,39.0393104553223,14.3413257598877,21.9423751831055,16.8184642791748,13.081109046936,9.27593421936035,,False,0,17.8494832310774,False,0,True,False,False,False,False
3.92,3.5936644077301,39.0393104553223,14.3413257598877,21.9423751831055,16.8184642791748,13.081109046936,9.27593421936035,,False,0,17.7503938199585,False,0,True,False,False,False,False
3.94,3.61415910720825,38.7393035888672,14.3808898925781,21.9090309143066,16.792875289917,13.3811082839966,9.3015251159668,,False,0,17.6513146773231,False,0,True,False,False,False,False
3.96,3.63488745689392,38.7393035888672,14.3808898925781,21.9090309143066,16.792875289917,13.3811082839966,9.3015251159668,,False,0,17.5522459770621,False,0,True,False,False,False,False
3.98,3.65585398674011,38.539306640625,14.407265663147,21.8867988586426,16.7758140563965,13.5811080932617,9.31858444213867,,False,0,17.4531878969961,False,0,True,False,False,False,False
4,3.67706513404846,38.539306640625,14.407265663147,21.8867988586426,16.7758140563965,13.5811080932617,9.31858444213867,,False,0,17.3541406189867,False,0,True,False,False,False,False
4.02,3.69852185249329,38.539306640625,14.407265663147,21.8867988586426,16.7758140563965,13.5811080932617,9.31858444213867,,False,0,17.2551043290506,False,0,True,False,False,False,False
4.04,3.72023129463196,38.539306640625,14.407265663147,21.8867988586426,16.7758140563965,13.5811080932617,9.31858444213867,,False,0,17.1560792174795,False,0,True,False,False,False,False
4.06,3.74219584465027,38.1393051147461,14.460018157959,21.8423385620117,16.7416954040527,13.9811067581177,9.35270404815674,,False,0,17.0570654789618,False,0,True,False,False,False,False
4.08,3.76442170143127,38.0393028259277,14.4732065200806,21.8312244415283,16.7331657409668,14.0811061859131,9.36123371124268,,False,0,16.9580633127106,False,0,True,False,False,False,False
4.1,3.78691339492798,38.0393028259277,14.4732065200806,21.8312244415283,16.7331657409668,14.0811061859131,9.36123371124268,,False,0,16.8590729225945,False,0,True,False,False,False,False
4.12,3.80967378616333,38.0393028259277,14.4732065200806,21.8312244415283,16.7331657409668,14.0811061859131,9.36123371124268,,False,0,16.7600945172744,False,0,True,False,False,False,False
4.14,3.83270978927612,37.7393074035645,14.512770652771,21.7978782653809,16.7075748443604,14.3811054229736,9.3868236541748,,False,0,16.6611283103435,False,0,True,False,False,False,False
4.16,3.85602593421936,37.7393074035645,14.512770652771,21.7978782653809,16.7075748443604,14.3811054229736,9.3868236541748,,False,0,16.562174520474,False,0,True,False,False,False,False
4.18,3.87962484359741,37.539306640625,14.5391464233398,21.7756481170654,16.6905155181885,14.5811052322388,9.403883934021,,False,0,16.4632333715676,False,0,True,False,False,False,False
4.2,3.90351581573486,37.539306640625,14.5391464233398,21.7756481170654,16.6905155181885,14.5811052322388,9.403883934021,,False,0,16.364305092912,False,0,True,False,False,False,False
4.22,3.9277024269104,37.3393020629883,14.5655221939087,21.75341796875,16.673454284668,14.7811040878296,9.42094421386719,,False,0,16.265389919343,False,0,True,False,False,False,False
4.24,3.95219039916992,37.3393020629883,14.5655221939087,21.75341796875,16.673454284668,14.7811040878296,9.42094421386719,,False,0,16.1664880914122,False,0,True,False,False,False,False
4.26,3.97698473930359,37.3393020629883,14.5655221939087,21.75341796875,16.673454284668,14.7811040878296,9.42094421386719,,False,0,16.0675998555613,False,0,True,False,False,False,False
4.28,4.0020923614502,37.039306640625,14.5734100341797,21.7200717926025,16.6478652954102,15.0811033248901,9.44653511047363,,False,0,15.9687254643018,False,0,True,False,False,False,False
4.3,4.02751731872559,37.039306640625,14.5734100341797,21.7200717926025,16.6478652954102,15.0811033248901,9.44653511047363,,False,0,15.8698651764027,False,0,True,False,False,False,False
4.32,4.05326557159424,37.039306640625,14.5734100341797,21.7200717926025,16.6478652954102,15.0811033248901,9.44653511047363,,False,0,15.7710192570838,False,0,True,False,False,False,False
4.34,4.07934808731079,36.7393074035645,14.6129770278931,21.6867237091064,16.6222743988037,15.3811025619507,9.47212028503418,,False,0,15.6721879782169,False,0,True,False,False,False,False
4.36,4.1057653427124,36.7393074035645,14.6129770278931,21.6867237091064,16.6222743988037,15.3811025619507,9.47212028503418,,False,0,15.5733716185345,False,0,True,False,False,False,False
4.38,4.13252830505371,36.539306640625,14.6393537521362,21.664493560791,16.6052150726318,15.5811023712158,9.48918056488037,,False,0,15.4745704638459,False,0,True,False,False,False,False
4.4,4.15963983535767,36.539306640625,14.6393537521362,21.664493560791,16.6052150726318,15.5811023712158,9.48918056488037,,False,0,15.3757848072624,False,0,True,False,False,False,False
4.42,4.18711137771606,36.3393096923828,14.6657295227051,21.6422634124756,16.58815574646,15.781102180481,9.50624084472656,,False,0,15.2770149494297,False,0,True,False,False,False,False
4.44,4.21494436264038,36.3393096923828,14.6657295227051,21.6422634124756,16.58815574646,15.781102180481,9.50624084472656,,False,0,15.1782611987707,False,0,True,False,False,False,False
4.46,4.24315118789673,36.3393096923828,14.6657295227051,21.6422634124756,16.58815574646,15.781102180481,9.50624084472656,,False,0,15.0795238717363,False,0,True,False,False,False,False
4.48,4.27173757553101,36.0393104553223,14.7052936553955,21.6089172363281,16.5625648498535,16.0811004638672,9.53183078765869,,False,0,14.9808032930672,False,0,True,False,False,False,False
4.5,4.3007116317749,36.0393104553223,14.7052936553955,21.6089172363281,16.5625648498535,16.0811004638672,9.53183078765869,,False,0,14.8820997960648,False,0,True,False,False,False,False
4.52,4.33007764816284,35.8393135070801,14.7316694259644,21.5866870880127,16.5455055236816,16.281099319458,9.54889011383057,,False,0,14.7834137228733,False,0,True,False,False,False,False
4.54,4.35984945297241,35.8393135070801,14.7316694259644,21.5866870880127,16.5455055236816,16.281099319458,9.54889011383057,,False,0,14.6847454247731,False,0,True,False,False,False,False
4.56,4.39002847671509,35.6393051147461,14.7580490112305,21.564453125,16.5284423828125,16.4810981750488,9.56595230102539,,False,0,14.5860947903489,False,0,True,False,False,False,False
4.58,4.42063188552856,35.6393051147461,14.7580490112305,21.564453125,16.5284423828125,16.4810981750488,9.56595230102539,,False,0,14.4874631322575,False,0,True,False,False,False,False
4.6,4.45166158676147,35.4393119812012,14.7844247817993,21.5422229766846,16.5113830566406,16.6810989379883,9.58301258087158,,False,0,14.3888503609965,False,0,True,False,False,False,False
4.62,4.48313140869141,35.4393119812012,14.7844247817993,21.5422229766846,16.5113830566406,16.6810989379883,9.58301258087158,,False,0,14.2902568675629,False,0,True,False,False,False,False
4.64,4.51504755020142,35.2393074035645,14.8108015060425,21.5199928283691,16.4943237304688,16.8810977935791,9.60007190704346,,False,0,14.1916830537417,False,0,True,False,False,False,False
4.66,4.5474214553833,35.2393074035645,14.8108015060425,21.5199928283691,16.4943237304688,16.8810977935791,9.60007190704346,,False,0,14.0931293324775,False,0,True,False,False,False,False
4.68,4.58025979995728,35.0393104553223,14.8371772766113,21.4977626800537,16.4772624969482,17.0810966491699,9.61713218688965,,False,0,13.994596128262,False,0,True,False,False,False,False
4.7,4.61357641220093,35.0393104553223,14.8371772766113,21.4977626800537,16.4772624969482,17.0810966491699,9.61713218688965,,False,0,13.896083877537,False,0,True,False,False,False,False
4.72,4.64738082885742,35.0393104553223,14.8371772766113,21.4977626800537,16.4772624969482,17.0810966491699,9.61713218688965,,False,0,13.7975930291146,False,0,True,False,False,False,False
4.74,4.68168115615845,34.7393112182617,14.8767414093018,21.4644165039063,16.4516735076904,17.3810958862305,9.64272212982178,,False,0,13.699124044615,False,0,True,False,False,False,False
4.76,4.71649265289307,34.7393112182617,14.8767414093018,21.4644165039063,16.4516735076904,17.3810958862305,9.64272212982178,,False,0,13.6006773989231,False,0,True,False,False,False,False
4.78,4.75182247161865,34.5393104553223,14.9031209945679,21.4421844482422,16.4346103668213,17.5810966491699,9.65978240966797,,False,0,13.5022535806641,False,0,True,False,False,False,False
4.8,4.78768587112427,34.5393104553223,14.9031209945679,21.4421844482422,16.4346103668213,17.5810966491699,9.65978240966797,,False,0,13.4038530927,False,-0.025000000372529,True,False,False,False,False
4.82,4.88367176055908,34.326831817627,14.8520021438599,21.4998550415039,16.4120845794678,17.7746829986572,9.67285060882568,,False,0,13.3055152509946,False,-0.025000000372529,True,False,False,False,False
4.84,4.98074626922607,34.326831817627,14.8520021438599,21.4998550415039,16.4120845794678,17.7746829986572,9.67285060882568,,False,0,13.2072433170823,False,-0.025000000372529,True,False,False,False,False
4.86,5.07893848419189,34.326831817627,14.8520021438599,21.4998550415039,16.4120845794678,17.7746829986572,9.67285060882568,,False,0,13.109038763481,False,-0.025000000372529,True,False,False,False,False
4.88,5.17827367782593,34.326831817627,14.8520021438599,21.4998550415039,16.4120845794678,17.7746829986572,9.67285060882568,,False,0,13.0109031171036,False,-0.025000000372529,True,False,False,False,False
4.9,5.27877855300903,33.9040603637695,14.7481737136841,21.621187210083,16.370626449585,18.1626796722412,9.69689750671387,,False,0,12.9128379612461,False,-0.025000000372529,True,False,False,False,False
4.92,5.38048648834229,33.9040603637695,14.7481737136841,21.621187210083,16.370626449585,18.1626796722412,9.69689750671387,,False,0,12.8148467740806,False,0,True,False,False,False,False
4.94,5.42342567443848,33.9040603637695,14.7481737136841,21.621187210083,16.370626449585,18.1626796722412,9.69689750671387,,False,0,12.7168868644075,False,0,True,False,False,False,False
4.96,5.46705293655396,33.604061126709,14.7811546325684,21.592643737793,16.3489875793457,18.4626808166504,9.71853733062744,,False,0,12.6189589606405,False,0,True,False,False,False,False
4.98,5.51138639450073,33.5040626525879,14.7921457290649,21.5831317901611,16.341775894165,18.5626811981201,9.72574901580811,,False,0,12.5210638137392,False,0,True,False,False,False,False
5,5.55644702911377,33.5040626525879,14.7921457290649,21.5831317901611,16.341775894165,18.5626811981201,9.72574901580811,,False,0,12.4232027252094,False,0,True,False,False,False,False
5.02,5.60224676132202,33.5040626525879,14.7921457290649,21.5831317901611,16.341775894165,18.5626811981201,9.72574901580811,,False,0,12.3253759727604,False,0,True,False,False,False,False
5.04,5.64880514144897,33.2040634155273,14.8251190185547,21.5545959472656,16.3201427459717,18.8626804351807,9.74738311767578,,False,0,12.2275843805094,False,0,True,False,False,False,False
5.06,5.69614267349243,33.2040634155273,14.8251190185547,21.5545959472656,16.3201427459717,18.8626804351807,9.74738311767578,,False,0,12.129828798849,False,0,True,False,False,False,False
5.08,5.74427890777588,33.0040588378906,14.8471012115479,21.5355701446533,16.3057193756104,19.0626811981201,9.76180553436279,,False,0,12.0321101054895,False,0,True,False,False,False,False
5.1,5.79323053359985,33.0040588378906,14.8471012115479,21.5355701446533,16.3057193756104,19.0626811981201,9.76180553436279,,False,0,11.9344292065514,False,0,True,False,False,False,False
5.12,5.84302043914795,32.8040618896484,14.8690824508667,21.5165462493896,16.2912979125977,19.2626800537109,9.7762279510498,,False,0,11.8367870377092,False,0,True,False,False,False,False
5.14,5.89367151260376,32.8040618896484,14.8690824508667,21.5165462493896,16.2912979125977,19.2626800537109,9.7762279510498,,False,0,11.7391845653905,False,-0.025000000372529,True,False,False,False,False
5.16,6.00562858581543,32.8040618896484,14.8690824508667,21.5165462493896,16.2912979125977,19.2626800537109,9.7762279510498,,False,0,11.6416706863474,False,-0.025000000372529,True,False,False,False,False
5.18,6.11914157867432,32.4893569946289,14.788932800293,21.6122779846191,16.2633838653564,19.5539321899414,9.79239654541016,,False,0,11.5442487637466,False,-0.025000000372529,True,False,False,False,False
5.2,6.23424673080444,32.4893569946289,14.788932800293,21.6122779846191,16.2633838653564,19.5539321899414,9.79239654541016,,False,0,11.4469205956363,False,0,True,False,False,False,False
5.22,6.29027223587036,32.2893524169922,14.8087768554688,21.5948696136475,16.2502708435059,19.7539329528809,9.80550956726074,,False,0,11.3496383320664,False,0,True,False,False,False,False
5.24,6.34730815887451,32.2893524169922,14.8087768554688,21.5948696136475,16.2502708435059,19.7539329528809,9.80550956726074,,False,0,11.2524037347513,False,0,True,False,False,False,False
5.26,6.40538120269775,32.08935546875,14.8286247253418,21.5774669647217,16.2371597290039,19.9539356231689,9.81862163543701,,False,0,11.1552180501416,False,0,True,False,False,False,False
5.28,6.46452522277832,32.08935546875,14.8286247253418,21.5774669647217,16.2371597290039,19.9539356231689,9.81862163543701,,False,0,11.0580825678683,False,0,True,False,False,False,False
5.3,6.52476692199707,31.889347076416,14.8484659194946,21.5600662231445,16.224048614502,20.1539363861084,9.83173179626465,,False,0,10.9609986225985,False,0,True,False,False,False,False
5.32,6.58613967895508,31.889347076416,14.8484659194946,21.5600662231445,16.224048614502,20.1539363861084,9.83173179626465,,False,0,10.863968179483,False,0,True,False,False,False,False
5.34,6.64867305755615,31.889347076416,14.8484659194946,21.5600662231445,16.224048614502,20.1539363861084,9.83173179626465,,False,0,10.7669920939114,False,0,True,False,False,False,False
5.36,6.71240139007568,31.5893497467041,14.8782243728638,21.5339660644531,16.2043857574463,20.4539394378662,9.85139560699463,,False,0,10.670071847987,False,0,True,False,False,False,False
5.38,6.77735614776611,31.4893436431885,14.8881435394287,21.5252666473389,16.1978321075439,20.5539398193359,9.85794925689697,,False,0,10.5732089772869,False,0,True,False,False,False,False
5.4,6.84357452392578,31.4893436431885,14.8881435394287,21.5252666473389,16.1978321075439,20.5539398193359,9.85794925689697,,False,0,10.4764050732527,False,0,True,False,False,False,False
5.42,6.91109275817871,31.4893436431885,14.8881435394287,21.5252666473389,16.1978321075439,20.5539398193359,9.85794925689697,,False,0,10.3796617857083,False,0,True,False,False,False,False
5.44,6.97995090484619,31.1893463134766,14.9179058074951,21.4991703033447,16.1781673431396,20.8539428710938,9.87761211395264,,False,0,10.2829808255112,False,0,True,False,False,False,False
5.46,7.05018901824951,31.1893463134766,14.9179058074951,21.4991703033447,16.1781673431396,20.8539428710938,9.87761211395264,,False,0,10.1863639673482,False,0,True,False,False,False,False
5.48,7.12184476852417,30.9893436431885,14.9377460479736,21.4817714691162,16.165060043335,21.0539455413818,9.89072132110596,,False,0,10.0898130526818,False,0,True,False,False,False,False
5.5,7.19496726989746,30.9893436431885,14.9377460479736,21.4817714691162,16.165060043335,21.0539455413818,9.89072132110596,,False,0,9.99332999285873,False,0,True,False,False,False,False
5.52,7.36395931243896,30.789342880249,14.9575853347778,21.4643745422363,16.1519412994385,21.2539463043213,9.90382957458496,,False,0,9.80284887154097,False,0,True,False,False,False,False
5.54,7.54084396362305,30.789342880249,14.9575853347778,21.4643745422363,16.1519412994385,21.2539463043213,9.90382957458496,,False,0,9.61293480373772,False,0,True,False,False,False,False
5.56,7.72640037536621,30.789342880249,14.9575853347778,21.4643745422363,16.1519412994385,21.2539463043213,9.90382957458496,,False,0,9.42369401742031,False,0,True,False,False,False,False
5.58,7.92160034179688,30.4893398284912,14.9873428344727,5.43295669555664,16.1322765350342,21.5539493560791,9.92349243164063,,False,0,9.23527407255834,False,0,True,False,False,False,False
5.6,8.12765407562256,30.4893398284912,14.9873428344727,5.43295669555664,16.1322765350342,21.5539493560791,9.92349243164063,,False,0,9.04787041290865,False,0,True,False,False,False,False
5.62,8.34607315063477,30.2893390655518,15.0071821212769,5.13027238845825,16.1191692352295,21.7539501190186,9.93660163879395,,False,0,8.86175998564362,False,0,True,False,False,False,False
5.64,8.57878494262695,30.2893390655518,15.0071821212769,5.13027238845825,16.1191692352295,21.7539501190186,9.93660163879395,,False,0,8.67733356724113,False,0,True,False,False,False,False
5.66,8.82823371887207,30.0893363952637,15.0270204544067,4.82758855819702,16.1060600280762,21.9539527893066,9.94970989227295,,False,0,8.49514261783369,False,0,True,False,False,False,False
5.68,9.09750843048096,30.0893363952637,15.0270204544067,4.82758855819702,16.1060600280762,21.9539527893066,9.94970989227295,,False,0,8.31598260101335,False,0,True,False,False,False,False
5.7,9.39038848876953,29.8893356323242,15.0468597412109,4.52490425109863,16.0929508209229,22.1539554595947,9.96281909942627,,False,0,8.14100865058245,False,0,True,False,False,False,False
5.72,9.71126079559326,29.8893356323242,15.0468597412109,4.52490425109863,16.0929508209229,22.1539554595947,9.96281909942627,,False,0,7.97191695639129,False,0,True,False,False,False,False
5.74,10.0644912719727,29.8893356323242,15.0468597412109,4.52490425109863,16.0929508209229,22.1539554595947,9.96281909942627,,False,0,7.81119495437395,False,0,True,False,False,False,False
5.76,10.4526443481445,29.5893325805664,15.0766181945801,4.07087802886963,16.0732879638672,22.4539566040039,9.98248195648193,,False,0,7.66247731382583,False,0,True,False,False,False,False
5.78,10.8718996047974,29.5893325805664,15.0766181945801,4.07087802886963,16.0732879638672,22.4539566040039,9.98248195648193,,False,0,7.53087929692807,False,0,True,False,False,False,False
5.8,11.3008661270142,29.3893299102783,15.0964593887329,3.76819396018982,16.0601806640625,22.653959274292,9.99559020996094,,False,0,7.42273436211412,False,0,True,False,False,False,False
5.82,11.6757278442383,29.3893299102783,15.0964593887329,3.76819396018982,16.0601806640625,22.653959274292,9.99559020996094,,False,0,7.34148055529582,False,0,True,False,False,False,False
5.84,11.8854703903198,29.1893291473389,15.1162986755371,3.46550965309143,16.0470714569092,22.8539600372314,10.0086994171143,,False,0,7.26286829078141,False,0,True,False,False,False,False
5.86,12.065131187439,29.1893291473389,15.1162986755371,3.46550965309143,16.0470714569092,22.8539600372314,10.0086994171143,,False,0,7.2034650555447,False,0,True,False,False,False,False
5.88,12.1802654266357,28.9893264770508,15.136137008667,3.16282558441162,16.0339641571045,23.0539627075195,10.0218076705933,,False,0,7.18585585961819,False,0,True,False,False,False,False
5.9,12.2426347732544,28.9893264770508,15.136137008667,3.16282558441162,16.0339641571045,23.0539627075195,10.0218076705933,,False,0,7.17672341605746,False,0,True,False,False,False,False
5.92,12.2709045410156,28.7893257141113,15.155969619751,2.86014151573181,16.0208587646484,23.253963470459,10.0349130630493,,False,0,7.1707658666329,False,0,True,False,False,False,False
5.94,12.277961730957,28.7893257141113,15.155969619751,2.86014151573181,16.0208587646484,23.253963470459,10.0349130630493,,False,0,7.16620362274303,False,0,True,False,False,False,False
5.96,12.2719697952271,28.7893257141113,15.155969619751,2.86014151573181,16.0208587646484,23.253963470459,10.0349130630493,,False,0,7.1623121774235,False,0,True,False,False,False,False
5.98,12.2580642700195,28.4893245697021,15.1857299804688,2.74918150901794,16.0011940002441,23.5539665222168,10.0545778274536,,False,0,7.15877244838885,False,0,True,False,False,False,False
6,12.2393846511841,28.4893245697021,15.1857299804688,2.74918150901794,16.0011940002441,23.5539665222168,10.0545778274536,,False,0,7.15542869518448,False,0,True,False,False,False,False
6.02,12.2178153991699,28.4893245697021,15.1857299804688,2.74918150901794,16.0011940002441,23.5539665222168,10.0545778274536,,False,0,7.15219496434492,False,0,True,False,False,False,False
6.04,12.1945161819458,28.1893196105957,15.2154874801636,2.72308444976807,15.9815311431885,23.8539695739746,10.0742406845093,,False,0,7.14902715213272,False,0,True,False,False,False,False
6.06,12.1701784133911,28.1893196105957,15.2154874801636,2.72308444976807,15.9815311431885,23.8539695739746,10.0742406845093,,False,0,7.14590181274224,False,0,True,False,False,False,False
6.08,12.1452102661133,27.9893188476563,15.2353277206421,2.70568633079529,15.9684219360352,24.0539703369141,10.0873489379883,,False,0,7.14280609593966,False,0,True,False,False,False,False
6.1,12.1198511123657,27.9893188476563,15.2353277206421,2.70568633079529,15.9684219360352,24.0539703369141,10.0873489379883,,False,0,7.13972708044109,False,0,True,False,False,False,False
6.12,12.0942821502686,27.9893188476563,15.2353277206421,2.70568633079529,15.9684219360352,24.0539703369141,10.0873489379883,,False,0,7.13666139276982,False,0,True,False,False,False,False
6.14,12.0685606002808,27.6893177032471,15.2650861740112,2.67958903312683,15.9487590789795,24.3539733886719,10.1070127487183,,False,0,7.13360459972208,False,0,True,False,False,False,False
6.16,12.0427494049072,27.6893177032471,15.2650861740112,2.67958903312683,15.9487590789795,24.3539733886719,10.1070127487183,,False,0,7.13055556643036,False,0,True,False,False,False,False
6.18,12.0168924331665,27.489315032959,15.2849264144897,2.66219091415405,15.9356508255005,24.55397605896,10.1201210021973,,False,0,7.12751464089585,False,0,True,False,False,False,False
6.2,11.9909868240356,27.489315032959,15.2849264144897,2.66219091415405,15.9356508255005,24.55397605896,10.1201210021973,,False,0,7.12447850308888,False,0,True,False,False,False,False
6.22,11.9650793075562,27.489315032959,15.2849264144897,2.66219091415405,15.9356508255005,24.55397605896,10.1201210021973,,False,0,7.1214474606091,False,0,True,False,False,False,False
6.24,11.9391498565674,27.1893119812012,15.314679145813,2.63609886169434,15.9159908294678,24.8539772033691,10.1397800445557,,False,0,7.11842396873591,False,0,True,False,False,False,False
6.26,11.9132080078125,27.1893119812012,15.314679145813,2.63609886169434,15.9159908294678,24.8539772033691,10.1397800445557,,False,0,7.11540559112627,False,0,True,False,False,False,False
6.28,11.8872623443604,26.9893093109131,15.334511756897,2.61870574951172,15.902886390686,25.0539798736572,10.1528844833374,,False,0,7.11239233429138,False,0,True,False,False,False,False
6.3,11.8612947463989,26.9893093109131,15.334511756897,2.61870574951172,15.902886390686,25.0539798736572,10.1528844833374,,False,0,7.10938239927648,False,0,True,False,False,False,False
6.32,11.835319519043,26.7893085479736,15.354344367981,2.6013126373291,15.8897819519043,25.2539806365967,10.1659898757935,,False,0,7.10637760377512,False,0,True,False,False,False,False
6.34,11.8093404769897,26.7893085479736,15.354344367981,2.6013126373291,15.8897819519043,25.2539806365967,10.1659898757935,,False,0,7.10337795430949,False,0,True,False,False,False,False
6.36,11.7833566665649,26.7893085479736,15.354344367981,2.6013126373291,15.8897819519043,25.2539806365967,10.1659898757935,,False,0,7.10038345740162,False,0,True,False,False,False,False
6.38,11.7573614120483,26.4893074035645,15.3840970993042,21.0903358459473,1.94030964374542,25.5539836883545,10.165189743042,,False,0,7.09739411957335,False,0,True,False,False,False,False
6.4,11.7313604354858,26.4893074035645,15.3840970993042,21.0903358459473,1.94030964374542,25.5539836883545,10.165189743042,,False,0,7.09440994734621,False,0,True,False,False,False,False
6.42,11.7053546905518,26.2893009185791,15.4039287567139,21.0729427337646,1.92720484733582,25.7539882659912,10.1782941818237,,False,0,7.0914309472415,False,0,True,False,False,False,False
6.44,11.6793422698975,26.2893009185791,15.4039287567139,21.0729427337646,1.92720484733582,25.7539882659912,10.1782941818237,,False,0,7.08845544022722,False,0,True,False,False,False,False
6.46,11.6533222198486,26.2893009185791,15.4039287567139,21.0729427337646,1.92720484733582,25.7539882659912,10.1782941818237,,False,0,7.08548680316654,False,0,True,False,False,False,False
6.48,11.627290725708,25.9892978668213,15.4336824417114,21.0468521118164,1.90754556655884,26.0539894104004,10.1979532241821,,False,0,7.08252246799038,False,0,True,False,False,False,False
6.5,11.6012554168701,25.9892978668213,15.4336824417114,21.0468521118164,1.90754556655884,26.0539894104004,10.1979532241821,,False,0,7.07956422226463,False,0,True,False,False,False,False
6.52,11.5752048492432,25.7892990112305,15.4535217285156,21.0294532775879,1.89443695545197,26.2539901733398,10.2110624313354,,False,0,7.07661029435867,False,0,True,False,False,False,False
6.54,11.5491485595703,25.7892990112305,15.4535217285156,21.0294532775879,1.89443695545197,26.2539901733398,10.2110624313354,,False,0,7.07366326996011,False,0,True,False,False,False,False
6.56,11.5230827331543,25.5893001556396,15.4733581542969,21.0120544433594,1.88132834434509,26.4539890289307,10.2241706848145,,False,0,7.07072146774965,False,0,True,False,False,False,False
6.58,11.4970149993896,25.5893001556396,15.4733581542969,21.0120544433594,1.88132834434509,26.4539890289307,10.2241706848145,,False,0,7.06778320336426,False,0.025000000372529,True,False,False,False,False
6.6,11.404070854187,25.3968315124512,15.5715494155884,20.9141883850098,1.86829018592834,26.6618423461914,10.2407894134521,,False,0,7.06476326419179,False,0.025000000372529,True,False,False,False,False
6.62,11.3104372024536,25.3968315124512,15.5715494155884,20.9141883850098,1.86829018592834,26.6618423461914,10.2407894134521,,False,0,7.06166388301376,False,0.100000001490116,True,False,False,False,False
6.64,11.0168914794922,25.3968315124512,15.5715494155884,20.9141883850098,1.86829018592834,26.6618423461914,10.2407894134521,,False,0,7.05822517123716,False,0.100000001490116,True,False,False,False,False
6.66,10.7217445373535,25.1517772674561,16.1001949310303,20.4231643676758,1.84711730480194,27.0202713012695,10.2883348464966,,False,0,7.05445985087616,False,0.100000001490116,True,False,False,False,False
6.68,10.4249782562256,25.1517772674561,16.1001949310303,20.4231643676758,1.84711730480194,27.0202713012695,10.2883348464966,,False,0,7.05037661427483,False,0.150000005960464,True,False,False,False,False
6.7,9.99661159515381,25.0236892700195,16.6699371337891,19.9704895019531,1.83020091056824,27.2981719970703,10.3400974273682,,False,0,7.04582828284114,False,0.150000005960464,True,False,False,False,False
6.72,9.56674385070801,25.0236892700195,16.6699371337891,19.9704895019531,1.83020091056824,27.2981719970703,10.3400974273682,,False,0,7.04083716892272,False,0.0500000007450581,True,False,False,False,False
6.74,9.39125156402588,24.8513698577881,16.9004993438721,19.8040733337402,1.80668187141418,27.5286121368408,10.3771362304688,,False,0,7.03571551165058,False,0.0500000007450581,True,False,False,False,False
6.76,9.21457672119141,24.8513698577881,16.9004993438721,19.8040733337402,1.80668187141418,27.5286121368408,10.3771362304688,,False,0,7.03046881628231,False,0.0500000007450581,True,False,False,False,False
6.78,9.03671646118164,24.6807765960693,17.1405429840088,19.6392002105713,2.88331151008606,27.7614498138428,10.4167985916138,,False,0,7.02509927558117,False,0.0500000007450581,True,False,False,False,False
6.8,8.85766220092773,24.6807765960693,17.1405429840088,19.6392002105713,2.88331151008606,27.7614498138428,10.4167985916138,,False,0,7.01961086825889,False,0,True,False,False,False,False
6.82,8.80419921875,24.6807765960693,17.1405429840088,19.6392002105713,2.88331151008606,27.7614498138428,10.4167985916138,,False,0,7.01414675655083,False,0,True,False,False,False,False
6.84,8.75070571899414,24.3807716369629,17.2099266052246,19.5869178771973,15.7759265899658,28.0614490509033,10.4589624404907,,False,0,7.00870699728087,False,0,True,False,False,False,False
6.86,8.69718074798584,24.3807716369629,17.2099266052246,19.5869178771973,15.7759265899658,28.0614490509033,10.4589624404907,,False,0,7.00329164719578,False,0.025000000372529,True,False,False,False,False
6.88,8.58037281036377,24.1959037780762,17.3576469421387,19.4875755310059,15.7571468353271,28.2790031433105,10.4940910339355,,False,0,6.99783279684895,False,0.025000000372529,True,False,False,False,False
6.9,8.4628734588623,24.1959037780762,17.3576469421387,19.4875755310059,15.7571468353271,28.2790031433105,10.4940910339355,,False,0,6.99233339606192,False,0.0500000007450581,True,False,False,False,False
6.92,8.28176116943359,24.1959037780762,17.3576469421387,19.4875755310059,15.7571468353271,28.2790031433105,10.4940910339355,,False,0,6.98672755750052,False,0.0500000007450581,True,False,False,False,False
6.94,8.09942245483398,24.1959037780762,17.3576469421387,19.4875755310059,15.7571468353271,28.2790031433105,10.4940910339355,,False,0,6.9810187134189,False,0.0500000007450581,True,False,False,False,False
6.96,7.91585397720337,23.8604412078857,17.880277633667,19.1645565032959,15.7376899719238,28.7556266784668,10.5841627120972,,False,0,6.97521377986565,False,0.0500000007450581,True,False,False,False,False
6.98,7.73104429244995,23.8604412078857,17.880277633667,19.1645565032959,15.7376899719238,28.7556266784668,10.5841627120972,,False,0,6.96931549484381,False,0.0750000029802322,True,False,False,False,False
7,7.48288726806641,23.7132415771484,18.2715435028076,18.946268081665,15.7385663986206,29.0197563171387,10.6417837142944,,False,0,6.96326902923071,False,0.0750000029802322,True,False,False,False,False
7.02,7.23304557800293,23.7132415771484,18.2715435028076,18.946268081665,15.7385663986206,29.0197563171387,10.6417837142944,,False,0,6.95708393692841,False,0.0500000007450581,True,False,False,False,False
7.04,7.04315280914307,23.7132415771484,18.2715435028076,18.946268081665,15.7385663986206,29.0197563171387,10.6417837142944,,False,0,6.95082399152843,False,0.0500000007450581,True,False,False,False,False
7.06,6.8519811630249,23.4697799682617,18.7174892425537,18.7102603912354,15.7211990356445,29.3897514343262,10.7224540710449,,False,0,6.94449410793777,False,0.0500000007450581,True,False,False,False,False
7.08,6.65953063964844,23.4697799682617,18.7174892425537,18.7102603912354,15.7211990356445,29.3897514343262,10.7224540710449,,False,0,6.93809930085864,False,0.025000000372529,True,False,False,False,False
7.1,6.52696657180786,23.289379119873,18.9059600830078,18.6094417572021,15.7166900634766,29.61448097229,10.7699356079102,,False,0,6.93169798603347,False,0.025000000372529,True,False,False,False,False
7.12,6.39367246627808,23.289379119873,18.9059600830078,18.6094417572021,15.7166900634766,29.61448097229,10.7699356079102,,False,0,6.92529102184809,False,0.025000000372529,True,False,False,False,False
7.14,6.25964403152466,23.1092834472656,19.0987854003906,18.5085411071777,15.6907873153687,29.8399887084961,10.8185749053955,,False,0,6.91888194677304,False,0.025000000372529,True,False,False,False,False
7.16,6.12487173080444,23.1092834472656,19.0987854003906,18.5085411071777,15.6907873153687,29.8399887084961,10.8185749053955,,False,0,6.91247433501455,False,0.0500000007450581,True,False,False,False,False
7.18,5.92859125137329,23.1092834472656,19.0987854003906,18.5085411071777,15.6907873153687,29.8399887084961,10.8185749053955,,False,0,6.90601998777298,False,0.0500000007450581,True,False,False,False,False
7.2,5.73097038269043,22.8712005615234,19.5933570861816,18.2773723602295,15.6711511611938,30.2208557128906,10.9096965789795,,False,0,6.89952512710519,False,0.0500000007450581,True,False,False,False,False
7.22,5.53199291229248,22.8712005615234,19.5933570861816,18.2773723602295,15.6711511611938,30.2208557128906,10.9096965789795,,False,0,6.89299528850485,False,0.025000000372529,True,False,False,False,False
7.24,5.39197778701782,22.6925563812256,19.8038234710693,18.1758975982666,15.6428127288818,30.4492893218994,10.9629650115967,,False,0,6.88648082005727,False,0.025000000372529,True,False,False,False,False
7.26,5.25119400024414,22.6925563812256,19.8038234710693,18.1758975982666,15.6428127288818,30.4492893218994,10.9629650115967,,False,0,6.87998300693349,False,0.0750000029802322,True,False,False,False,False
7.28,4.98940944671631,22.6925563812256,19.8038234710693,18.1758975982666,15.6428127288818,30.4492893218994,10.9629650115967,,False,0,6.87342289644837,False,0.0750000029802322,True,False,False,False,False
7.3,4.72566747665405,22.5653095245361,20.5586853027344,17.8742580413818,15.6442251205444,30.8862380981445,11.0806303024292,,False,0,6.86681012593965,False,0.0750000029802322,True,False,False,False,False
7.32,4.45994520187378,22.5653095245361,20.5586853027344,17.8742580413818,15.6442251205444,30.8862380981445,11.0806303024292,,False,0,6.86015530645019,False,0.025000000372529,True,False,False,False,False
7.34,4.31147289276123,22.3169174194336,20.7953586578369,17.7717895507813,15.6125326156616,31.1187152862549,11.1403350830078,,False,0,6.85354006290142,False,0.025000000372529,True,False,False,False,False
7.36,4.16219425201416,22.3169174194336,20.7953586578369,17.7717895507813,15.6125326156616,31.1187152862549,11.1403350830078,,False,0,6.84696499633672,False,0.0500000007450581,True,False,False,False,False
7.38,3.95259809494019,22.1648693084717,21.1917324066162,17.6223964691162,15.5966691970825,31.3860721588135,11.2139282226563,,False,0,6.84040398092051,False,0.0500000007450581,True,False,False,False,False
7.4,3.74151921272278,22.1648693084717,21.1917324066162,17.6223964691162,15.5966691970825,31.3860721588135,11.2139282226563,,False,0,6.8338588996597,False,0.025000000372529,True,False,False,False,False
7.42,3.58821725845337,21.9893341064453,21.4444618225098,17.5194435119629,15.5630912780762,31.6209812164307,11.277232170105,,False,0,6.82736783338854,False,0.025000000372529,True,False,False,False,False
7.44,3.43408393859863,21.9893341064453,21.4444618225098,17.5194435119629,15.5630912780762,31.6209812164307,11.277232170105,,False,0,6.82093402838297,False,0.0500000007450581,True,False,False,False,False
7.46,3.21994662284851,21.9893341064453,21.4444618225098,17.5194435119629,15.5630912780762,31.6209812164307,11.277232170105,,False,0,6.81453465248864,False,0.0500000007450581,True,False,False,False,False
7.48,3.00426387786865,21.7647457122803,22.0848941802979,17.2979621887207,15.5375518798828,32.0306510925293,11.3954343795776,,False,0,6.8081754060114,False,0.0500000007450581,True,False,False,False,False
7.5,2.7870044708252,21.7647457122803,22.0848941802979,17.2979621887207,15.5375518798828,32.0306510925293,11.3954343795776,,False,0,6.80186493420769,False,0,True,False,False,False,False
7.52,2.68597602844238,21.5647468566895,22.189661026001,17.2377796173096,15.4834938049316,32.2306518554688,11.4494924545288,,False,0,6.79565217093858,False,0,True,False,False,False,False
7.54,2.58482718467712,21.5647468566895,22.189661026001,17.2377796173096,15.4834938049316,32.2306518554688,11.4494924545288,,False,0,6.78953738442847,False,0,True,False,False,False,False
7.56,2.48355722427368,21.3647499084473,22.2944297790527,17.1775970458984,15.4294347763062,32.4306488037109,11.5035514831543,,False,0,6.78352083963139,False,0,True,False,False,False,False
7.58,2.38216638565063,21.3647499084473,22.2944297790527,17.1775970458984,15.4294347763062,32.4306488037109,11.5035514831543,,False,0,6.77760279817775,False,0,True,False,False,False,False
7.6,2.28065395355225,21.1647529602051,22.3991966247559,17.1174144744873,15.375376701355,32.6306457519531,11.5576095581055,,False,0,6.77178351832158,False,0,True,False,False,False,False
7.62,2.17902040481567,21.1647529602051,22.3991966247559,17.1174144744873,15.375376701355,32.6306457519531,11.5576095581055,,False,0,6.76606325488824,False,0,True,False,False,False,False
7.64,2.07726812362671,21.1647529602051,22.3991966247559,17.1174144744873,15.375376701355,32.6306457519531,11.5576095581055,,False,0,6.76044225922221,False,0,True,False,False,False,False
7.66,1.97539687156677,20.8647556304932,22.5563468933105,17.0271415710449,15.2942905426025,32.9306411743164,11.6386957168579,,False,0,6.75492077913561,False,0,True,False,False,False,False
7.68,1.87340545654297,20.8647556304932,22.5563468933105,17.0271415710449,15.2942905426025,32.9306411743164,11.6386957168579,,False,0,6.74949905885693,False,0,True,False,False,False,False
7.7,1.77129662036896,20.664758682251,22.6611137390137,16.9669589996338,15.2402324676514,33.1306381225586,11.6927537918091,,False,0,6.74417733898023,False,0,True,False,False,False,False
7.72,1.66906714439392,20.664758682251,22.6611137390137,16.9669589996338,15.2402324676514,33.1306381225586,11.6927537918091,,False,0,6.73895585641502,False,0,True,False,False,False,False
7.74,1.56672203540802,20.4647598266602,22.7658786773682,16.9067764282227,15.1861753463745,33.3306350708008,11.7468109130859,,False,0,6.73383484433633,False,0,True,False,False,False,False
7.76,1.46425950527191,20.4647598266602,22.7658786773682,16.9067764282227,15.1861753463745,33.3306350708008,11.7468109130859,,False,0,6.72881453213548,False,0,True,False,False,False,False
7.78,1.3616806268692,20.264762878418,22.5607624053955,16.8465938568115,15.1321172714233,33.530632019043,11.8008680343628,,False,0,6.7238951453714,False,0,True,False,False,False,False
7.8,1.25898540019989,20.264762878418,22.5607624053955,16.8465938568115,15.1321172714233,33.530632019043,11.8008680343628,,False,0,6.71907690572242,False,0,True,False,False,False,False
7.82,1.15617299079895,20.0647659301758,22.3381042480469,16.7864112854004,15.0780591964722,33.7306289672852,11.8549270629883,,False,0,6.71436003093872,False,0,True,False,False,False,False
7.84,1.05324697494507,20.0647659301758,22.3381042480469,16.7864112854004,15.0780591964722,33.7306289672852,11.8549270629883,,False,0,6.70974473479538,False,0,True,False,False,False,False
7.86,0.950204074382782,20.0647659301758,22.3381042480469,16.7864112854004,15.0780591964722,33.7306289672852,11.8549270629883,,False,0,6.70523122704601,False,0,True,False,False,False,False
7.88,0.847048163414001,19.7647686004639,22.0041179656982,16.696138381958,14.9969730377197,34.0306282043457,11.9360132217407,,False,0,6.70081971337712,False,0,True,False,False,False,False
7.9,0.743777096271515,19.7647686004639,22.0041179656982,16.696138381958,14.9969730377197,34.0306282043457,11.9360132217407,,False,0,6.69651039536308,False,0,True,False,False,False,False
7.92,0.640393733978271,19.5647735595703,21.7814617156982,16.6359539031982,14.9429159164429,34.2306251525879,11.9900712966919,,False,0,6.69230347042182,False,0,True,False,False,False,False
7.94,0.53689706325531,19.5647735595703,21.7814617156982,16.6359539031982,14.9429159164429,34.2306251525879,11.9900712966919,,False,0,6.68819913177126,False,0,True,False,False,False,False
7.96,0.433287382125854,19.3647747039795,21.5588035583496,16.5757713317871,14.8888559341431,34.4306221008301,12.0441284179688,,False,0,6.68419756838647,False,0,True,False,False,False,False
7.98,0.329566210508347,19.3647747039795,21.5588035583496,16.5757713317871,14.8888559341431,34.4306221008301,12.0441284179688,,False,0,6.68029896495757,False,0,True,False,False,False,False
8,0.225733026862144,19.1647777557373,21.3361473083496,16.515588760376,14.8347978591919,34.6306190490723,12.0981864929199,,False,0,6.67650350184844,False,0,True,False,False,False,False
8.02,0.121789239346981,19.1647777557373,21.3361473083496,16.515588760376,14.8347978591919,34.6306190490723,12.0981864929199,,False,0,6.67281135505626,False,0,True,False,False,False,False
8.04,0.0177354570478201,19.1647777557373,21.3361473083496,16.515588760376,14.8347978591919,34.6306190490723,12.0981864929199,,False,0,6.66922269617178,False,0,True,False,False,False,False
8.059999,359.91357421875,18.8647804260254,21.002161026001,16.425313949585,14.7537117004395,34.9306144714355,12.1792726516724,,False,0,6.66573769234055,False,0,True,False,False,False,False
8.08,359.809295654297,18.8647804260254,21.002161026001,16.425313949585,14.7537117004395,34.9306144714355,12.1792726516724,,False,0,6.66235650622497,False,0,True,False,False,False,False
8.099999,359.704925537109,18.6647911071777,20.7795124053955,16.3651294708252,14.6996536254883,35.1306037902832,12.2333307266235,,False,0,6.65907929596717,False,0,True,False,False,False,False
8.12,359.600402832031,18.6647911071777,20.7795124053955,16.3651294708252,14.6996536254883,35.1306037902832,12.2333307266235,,False,0,6.65591360953236,False,-0.025000000372529,True,False,False,False,False
8.139999,359.554321289063,18.6647911071777,20.7795124053955,16.3651294708252,14.6996536254883,35.1306037902832,12.2333307266235,,False,0,6.65284017295187,False,-0.025000000372529,True,False,False,False,False
8.16,359.508972167969,18.6647911071777,20.7795124053955,16.3651294708252,14.6996536254883,35.1306037902832,12.2333307266235,,False,0,6.64986395360878,False,-0.025000000372529,True,False,False,False,False
8.179999,359.464416503906,18.2220230102539,20.4368877410889,16.3292942047119,14.5595922470093,35.4488182067871,12.3110370635986,,False,0,6.64698344089674,False,-0.025000000372529,True,False,False,False,False
8.2,359.420623779297,18.2220230102539,20.4368877410889,16.3292942047119,14.5595922470093,35.4488182067871,12.3110370635986,,False,0,6.64419902766543,False,-0.025000000372529,True,False,False,False,False
8.22,359.377624511719,18.0015830993652,20.264461517334,16.3131771087646,14.4915256500244,35.6087341308594,12.3488006591797,,False,0,6.64150834384149,False,-0.025000000372529,True,False,False,False,False
8.24,359.335418701172,18.0015830993652,20.264461517334,16.3131771087646,14.4915256500244,35.6087341308594,12.3488006591797,,False,0,6.63890616851962,False,0,True,False,False,False,False
8.26,359.235473632813,17.8015804290771,20.0393180847168,16.2554779052734,14.4402685165405,35.8087387084961,12.4000587463379,,False,0,6.6363988958849,False,0,True,False,False,False,False
8.28,359.135437011719,17.8015804290771,20.0393180847168,16.2554779052734,14.4402685165405,35.8087387084961,12.4000587463379,,False,0,6.63398663354091,False,-0.0500000007450581,True,False,False,False,False
8.3,359.152374267578,17.5627403259277,19.917573928833,16.2836132049561,14.3584175109863,35.9299736022949,12.4230298995972,,False,0,6.63165521169414,False,-0.0500000007450581,True,False,False,False,False
8.32,359.170989990234,17.5627403259277,19.917573928833,16.2836132049561,14.3584175109863,35.9299736022949,12.4230298995972,,False,0,6.62940358375687,False,-0.0500000007450581,True,False,False,False,False
8.34,359.191284179688,17.5627403259277,19.917573928833,16.2836132049561,14.3584175109863,35.9299736022949,12.4230298995972,,False,0,6.6272233253843,False,-0.0500000007450581,True,False,False,False,False
8.36,359.213256835938,17.2080955505371,19.7344741821289,16.3324604034424,14.2745790481567,36.116771697998,12.4558124542236,,False,0,6.62511728599388,False,-0.0500000007450581,True,False,False,False,False
8.38,359.236907958984,17.2080955505371,19.7344741821289,16.3324604034424,14.2745790481567,36.116771697998,12.4558124542236,,False,0,6.62307719904521,False,-0.025000000372529,True,False,False,False,False
8.4,359.203704833984,16.9908618927002,19.558235168457,16.3239765167236,14.1811637878418,36.2803192138672,12.4893760681152,,False,0,6.62110622419975,False,-0.025000000372529,True,False,False,False,False
8.42,359.171356201172,16.9908618927002,19.558235168457,16.3239765167236,14.1811637878418,36.2803192138672,12.4893760681152,,False,0,6.61920965027583,False,-0.0500000007450581,True,False,False,False,False
8.44,359.198333740234,16.9908618927002,19.558235168457,16.3239765167236,14.1811637878418,36.2803192138672,12.4893760681152,,False,0,6.61737248634498,False,-0.0500000007450581,True,False,False,False,False
8.46,359.226989746094,16.6420345306396,19.3732604980469,16.3835353851318,14.0738019943237,36.4747772216797,12.5194511413574,,False,0,6.61559864100231,False,-0.0500000007450581,True,False,False,False,False
8.48,359.257354736328,16.6420345306396,19.3732604980469,16.3835353851318,14.0738019943237,36.4747772216797,12.5194511413574,,False,0,6.61388387500242,False,-0.025000000372529,True,False,False,False,False
8.5,359.230895996094,16.4266967773438,19.1946392059326,16.3804302215576,14.0183134078979,36.6408767700195,12.5502872467041,,False,0,6.61223074771512,False,-0.025000000372529,True,False,False,False,False
8.52,359.205261230469,16.4266967773438,19.1946392059326,16.3804302215576,14.0183134078979,36.6408767700195,12.5502872467041,,False,0,6.61063722421489,False,-0.0500000007450581,True,False,False,False,False
8.54,359.239013671875,16.4266967773438,19.1946392059326,16.3804302215576,14.0183134078979,36.6408767700195,12.5502872467041,,False,0,6.60909320029198,False,-0.0500000007450581,True,False,False,False,False
8.559999,359.274444580078,16.0833835601807,19.0075721740723,16.4511070251465,13.920220375061,36.8430442810059,12.5777168273926,,False,0,6.60760219445989,False,-0.0500000007450581,True,False,False,False,False
8.58,359.311584472656,15.9833850860596,18.8893890380859,16.4278678894043,13.9005565643311,36.943042755127,12.5973796844482,,False,0,6.60616030069122,False,0,True,False,False,False,False
8.599999,359.2333984375,15.9833850860596,18.8893890380859,16.4278678894043,13.9005565643311,36.943042755127,12.5973796844482,,False,0,6.60477622454633,False,-0.0500000007450581,True,False,False,False,False
8.62,359.272216796875,15.9833850860596,18.8893890380859,16.4278678894043,13.9005565643311,36.943042755127,12.5973796844482,,False,0,6.60343618401332,False,-0.0500000007450581,True,False,False,False,False
8.639999,359.312744140625,15.9833850860596,18.8893890380859,16.4278678894043,13.9005565643311,36.943042755127,12.5973796844482,,False,0,6.6021370394398,False,-0.0500000007450581,True,False,False,False,False
8.66,359.355010986328,15.5317735671997,18.6370677947998,16.5355262756348,13.7803888320923,37.2216415405273,12.6309242248535,,False,0,6.60088203759885,False,-0.0500000007450581,True,False,False,False,False
8.679999,359.398956298828,15.5317735671997,18.6370677947998,16.5355262756348,13.7803888320923,37.2216415405273,12.6309242248535,,False,0,6.59966819367827,False,0,True,False,False,False,False
8.7,359.32763671875,15.3317747116089,18.3970832824707,16.4926738739014,13.7446765899658,37.4216423034668,12.66663646698,,False,0,6.59850244562262,False,0,True,False,False,False,False
8.72,359.256256103516,15.3317747116089,18.3970832824707,16.4926738739014,13.7446765899658,37.4216423034668,12.66663646698,,False,0,6.59738481892733,False,-0.0500000007450581,True,False,False,False,False
8.74,359.301910400391,15.1086511611938,18.2687187194824,16.5522747039795,13.6891183853149,37.5646896362305,12.6821031570435,,False,0,6.59630196374717,False,-0.0500000007450581,True,False,False,False,False
8.76,359.349273681641,15.1086511611938,18.2687187194824,16.5522747039795,13.6891183853149,37.5646896362305,12.6821031570435,,False,0,6.59525101688872,False,-0.025000000372529,True,False,False,False,False
8.78,359.33984375,14.8976945877075,18.0829906463623,16.5633182525635,13.6457166671753,37.7371978759766,12.7062559127808,,False,0,6.59423587387182,False,-0.025000000372529,True,False,False,False,False
8.8,359.331268310547,14.8976945877075,18.0829906463623,16.5633182525635,13.6457166671753,37.7371978759766,12.7062559127808,,False,0,6.59326298517755,False,-0.0500000007450581,True,False,False,False,False
8.82,359.382080078125,14.6769552230835,17.9529933929443,16.6290397644043,13.5945997238159,37.8842124938965,12.7204627990723,,False,0,6.59231429506914,False,-0.0500000007450581,True,False,False,False,False
8.84,359.434600830078,14.6769552230835,17.9529933929443,16.6290397644043,13.5945997238159,37.8842124938965,12.7204627990723,,False,0,6.59139417947354,False,0,True,False,False,False,False
8.86,359.371856689453,14.6769552230835,17.9529933929443,16.6290397644043,13.5945997238159,37.8842124938965,12.7204627990723,,False,0,6.5905112490059,False,0,True,False,False,False,False
8.88,359.30908203125,14.3769388198853,17.586009979248,16.5717449188232,13.5477590560913,38.1842269897461,12.7673025131226,,False,0,6.58966551861322,False,0,True,False,False,False,False
8.9,359.246276855469,14.3769388198853,17.586009979248,16.5717449188232,13.5477590560913,38.1842269897461,12.7673025131226,,False,0,6.58885700262023,False,-0.025000000372529,True,False,False,False,False
8.92,359.241973876953,14.1673488616943,17.3968467712402,16.5871200561523,13.5079402923584,38.3585319519043,12.7894554138184,,False,0,6.58808185315672,False,-0.025000000372529,True,False,False,False,False
8.94,359.238525390625,14.1673488616943,17.3968467712402,16.5871200561523,13.5079402923584,38.3585319519043,12.7894554138184,,False,0,6.58733902855319,False,-0.025000000372529,True,False,False,False,False
8.96,359.235931396484,14.1673488616943,17.3968467712402,16.5871200561523,13.5079402923584,38.3585319519043,12.7894554138184,,False,0,6.58662656367681,False,-0.025000000372529,True,False,False,False,False
8.98,359.234222412109,14.1673488616943,17.3968467712402,16.5871200561523,13.5079402923584,38.3585319519043,12.7894554138184,,False,0,6.58593586318767,False,-0.025000000372529,True,False,False,False,False
9,359.233367919922,13.7494106292725,17.0153617858887,16.6223545074463,13.4318418502808,38.7090339660645,12.8317928314209,,False,0,6.58527259344811,False,-0.025000000372529,True,False,False,False,False
9.02,359.233367919922,13.7494106292725,17.0153617858887,16.6223545074463,13.4318418502808,38.7090339660645,12.8317928314209,,False,0,6.58463576058884,False,-0.025000000372529,True,False,False,False,False
9.04,359.234252929688,13.5410356521606,16.8229942321777,16.6422443389893,13.3955526351929,38.8852462768555,12.8519802093506,,False,0,6.58402393732265,False,-0.025000000372529,True,False,False,False,False
9.059999,359.235992431641,13.5410356521606,16.8229942321777,16.6422443389893,13.3955526351929,38.8852462768555,12.8519802093506,,False,0,6.58343530434527,False,-0.025000000372529,True,False,False,False,False
9.08,359.238586425781,13.5410356521606,16.8229942321777,16.6422443389893,13.3955526351929,38.8852462768555,12.8519802093506,,False,0,6.58286890567367,False,-0.025000000372529,True,False,False,False,False
9.099999,359.242065429688,13.2292022705078,16.5323696136475,16.6749744415283,13.3433198928833,39.1507835388184,12.8810348510742,,False,0,6.58232337725843,False,-0.025000000372529,True,False,False,False,False
9.12,359.246398925781,13.2292022705078,16.5323696136475,16.6749744415283,13.3433198928833,39.1507835388184,12.8810348510742,,False,0,6.58180457599231,False,-0.0500000007450581,True,False,False,False,False
9.139999,359.310119628906,13.2292022705078,16.5323696136475,16.6749744415283,13.3433198928833,39.1507835388184,12.8810348510742,,False,0,6.58129542938357,False,-0.0500000007450581,True,False,False,False,False
9.16,359.375579833984,12.907811164856,16.32248878479,16.7984142303467,13.2841777801514,39.3865356445313,12.8973016738892,,False,0,6.58080059143899,False,-0.0500000007450581,True,False,False,False,False
9.179999,359.442810058594,12.907811164856,16.32248878479,16.7984142303467,13.2841777801514,39.3865356445313,12.8973016738892,,False,0,6.58031797927719,False,0,True,False,False,False,False
9.2,359.394714355469,12.7078008651733,16.0695686340332,16.768482208252,13.2605075836182,39.5865440368652,12.9209718704224,,False,0,6.57985715323531,False,0,True,False,False,False,False
9.22,359.346649169922,12.7078008651733,16.0695686340332,16.768482208252,13.2605075836182,39.5865440368652,12.9209718704224,,False,0,6.57941811789108,False,-0.0500000007450581,True,False,False,False,False
9.24,359.415557861328,12.7078008651733,16.0695686340332,16.768482208252,13.2605075836182,39.5865440368652,12.9209718704224,,False,0,6.57899458680788,False,-0.0500000007450581,True,False,False,False,False
9.26,359.486236572266,12.3894386291504,15.8548784255981,16.9021072387695,13.2077770233154,39.828483581543,12.9354410171509,,False,0,6.5785770254227,False,-0.0500000007450581,True,False,False,False,False
9.28,359.558654785156,12.3894386291504,15.8548784255981,16.9021072387695,13.2077770233154,39.828483581543,12.9354410171509,,False,0,6.57817081960703,False,0,True,False,False,False,False
9.3,359.515838623047,12.1894292831421,15.5989246368408,16.875207901001,13.1867580413818,40.028491973877,12.9564609527588,,False,0,6.57778191574792,False,0,True,False,False,False,False
9.32,359.472991943359,12.1894292831421,15.5989246368408,16.875207901001,13.1867580413818,40.028491973877,12.9564609527588,,False,0,6.57741031691441,False,-0.025000000372529,True,False,False,False,False
9.34,359.488647460938,12.1894292831421,15.5989246368408,16.875207901001,13.1867580413818,40.028491973877,12.9564609527588,,False,0,6.57705127806634,False,-0.025000000372529,True,False,False,False,False
9.36,359.505157470703,11.8814039230347,15.296275138855,16.9262828826904,13.1475191116333,40.3017387390137,12.9782838821411,,False,0,6.576703759888,False,-0.025000000372529,True,False,False,False,False
9.38,359.522552490234,11.8814039230347,15.296275138855,16.9262828826904,13.1475191116333,40.3017387390137,12.9782838821411,,False,0,6.57637434952074,False,0,True,False,False,False,False
9.4,359.482330322266,11.6814050674438,15.0387935638428,16.9009265899658,13.1278228759766,40.5017356872559,12.9979791641235,,False,0,6.57606019419011,False,0,True,False,False,False,False
9.42,359.442077636719,11.6814050674438,15.0387935638428,16.9009265899658,13.1278228759766,40.5017356872559,12.9979791641235,,False,0,6.57576129608255,False,-0.025000000372529,True,False,False,False,False
9.44,359.460327148438,11.6814050674438,15.0387935638428,16.9009265899658,13.1278228759766,40.5017356872559,12.9979791641235,,False,0,6.57547095684741,False,-0.025000000372529,True,False,False,False,False
9.46,359.479461669922,11.3742275238037,14.731897354126,16.9556713104248,13.0911655426025,40.7764167785645,13.0183668136597,,False,0,6.57518850044715,False,-0.025000000372529,True,False,False,False,False
9.48,359.499450683594,11.3742275238037,14.731897354126,16.9556713104248,13.0911655426025,40.7764167785645,13.0183668136597,,False,0,6.57492058228341,False,0,True,False,False,False,False
9.5,359.461822509766,11.1742305755615,14.472861289978,16.9318656921387,13.0727853775024,40.9764137268066,13.0367450714111,,False,0,6.57466600893574,False,0,True,False,False,False,False
9.52,359.424194335938,11.1742305755615,14.472861289978,16.9318656921387,13.0727853775024,40.9764137268066,13.0367450714111,,False,0,6.57442478195435,False,-0.025000000372529,True,False,False,False,False
9.54,359.445068359375,11.1742305755615,14.472861289978,16.9318656921387,13.0727853775024,40.9764137268066,13.0367450714111,,False,0,6.57418893359426,False,-0.025000000372529,True,False,False,False,False
9.559999,359.466796875,10.8678398132324,14.1615791320801,16.8025703430176,13.03870677948,41.252571105957,13.0556888580322,,False,0,6.57395755297699,False,-0.025000000372529,True,False,False,False,False
9.58,359.489410400391,10.8678398132324,14.1615791320801,16.8025703430176,13.03870677948,41.252571105957,13.0556888580322,,False,0,6.57373736380908,False,-0.025000000372529,True,False,False,False,False
9.599999,359.512908935547,10.6639308929443,13.952353477478,16.4084968566895,13.0174083709717,41.4375877380371,13.0675296783447,,False,0,6.57352750049939,False,-0.025000000372529,True,False,False,False,False
9.62,359.537261962891,10.6639308929443,13.952353477478,16.4084968566895,13.0174083709717,41.4375877380371,13.0675296783447,,False,0,6.57331950481616,False,-0.0500000007450581,True,False,False,False,False
9.639999,359.621002197266,10.6639308929443,13.952353477478,16.4084968566895,13.0174083709717,41.4375877380371,13.0675296783447,,False,0,6.57311840828947,False,-0.0500000007450581,True,False,False,False,False
9.66,359.706481933594,10.3537282943726,13.7134866714478,15.7062635421753,12.9826049804688,41.6971321105957,13.0769691467285,,False,0,6.57292265155045,False,-0.0500000007450581,True,False,False,False,False
9.679999,359.793731689453,10.3537282943726,13.7134866714478,15.7062635421753,12.9826049804688,41.6971321105957,13.0769691467285,,False,0,6.57273076177242,False,0,True,False,False,False,False
9.7,359.765716552734,10.1537322998047,13.4485921859741,15.4028749465942,12.9690542221069,41.8971290588379,13.090518951416,,False,0,6.57254626469282,False,0,True,False,False,False,False
9.719999,359.737701416016,10.1537322998047,13.4485921859741,15.4028749465942,12.9690542221069,41.8971290588379,13.090518951416,,False,0,6.5723691609342,False,0,True,False,False,False,False
9.74,359.709686279297,10.1537322998047,13.4485921859741,15.4028749465942,12.9690542221069,41.8971290588379,13.090518951416,,False,0,6.57219945109426,False,0,True,False,False,False,False
9.76,359.681671142578,9.85373687744141,13.0512495040894,14.947793006897,12.9487295150757,42.1971244812012,13.1108455657959,,False,0,6.57203713574583,False,0,True,False,False,False,False
9.78,359.653656005859,9.85373687744141,13.0512495040894,14.947793006897,12.9487295150757,42.1971244812012,13.1108455657959,,False,0,6.57188221543677,False,0,True,False,False,False,False
9.8,359.625640869141,9.65374088287354,12.7863550186157,14.6444053649902,12.9351778030396,42.3971176147461,13.1243963241577,,False,0,6.57173469069009,False,0,True,False,False,False,False
9.82,359.597625732422,9.65374088287354,12.7863550186157,14.6444053649902,12.9351778030396,42.3971176147461,13.1243963241577,,False,0,6.57159456200385,False,0,True,False,False,False,False
9.84,359.569580078125,9.65374088287354,12.7863550186157,14.6444053649902,12.9351778030396,42.3971176147461,13.1243963241577,,False,0,6.57146182985117,False,0,True,False,False,False,False
9.86,359.541564941406,9.35374641418457,12.389012336731,14.189323425293,12.9148511886597,42.6971130371094,13.1447219848633,,False,0,6.57133649468027,False,0,True,False,False,False,False
9.88,359.513549804688,9.35374641418457,12.389012336731,14.189323425293,12.9148511886597,42.6971130371094,13.1447219848633,,False,0,6.5712185569144,False,-0.025000000372529,True,False,False,False,False
9.9,359.544006347656,9.15110206604004,12.1705598831177,13.8169708251953,12.8980989456177,15.7405652999878,13.1540203094482,,False,0,6.57110324529479,False,-0.025000000372529,True,False,False,False,False
9.92,359.575378417969,9.15110206604004,12.1705598831177,13.8169708251953,12.8980989456177,15.7405652999878,13.1540203094482,,False,0,6.57099006813589,False,0,True,False,False,False,False
9.94,359.549133300781,9.15110206604004,12.1705598831177,13.8169708251953,12.8980989456177,15.7405652999878,13.1540203094482,,False,0,6.57088338590417,False,0,True,False,False,False,False
9.96,359.522857666016,8.85110187530518,11.7715721130371,13.3640098571777,12.8790979385376,16.0405654907227,13.1730213165283,,False,0,6.57078319891597,False,0,True,False,False,False,False
9.98,359.49658203125,8.85110187530518,11.7715721130371,13.3640098571777,12.8790979385376,16.0405654907227,13.1730213165283,,False,0,6.5706895074684,False,0,True,False,False,False,False
10,359.470336914063,8.65110111236572,11.5055799484253,13.0620346069336,12.8664321899414,16.2405662536621,13.1856899261475,,False,0,6.57060231183932,False,0,True,False,False,False,False
10.02,359.444061279297,8.65110111236572,11.5055799484253,13.0620346069336,12.8664321899414,16.2405662536621,13.1856899261475,,False,0,6.57052161228736,False,-0.025000000372529,True,False,False,False,False
10.04,359.476318359375,8.65110111236572,11.5055799484253,13.0620346069336,12.8664321899414,16.2405662536621,13.1856899261475,,False,0,6.57044112804934,False,-0.025000000372529,True,False,False,False,False
10.06,359.509429931641,8.34776496887207,11.17116355896,12.5162601470947,12.8434267044067,16.5341186523438,13.1984529495239,,False,0,6.57036023106315,False,-0.025000000372529,True,False,False,False,False
10.08,359.543395996094,8.34776496887207,11.17116355896,12.5162601470947,12.8434267044067,16.5341186523438,13.1984529495239,,False,0,6.57028593839282,False,-0.025000000372529,True,False,False,False,False
10.1,359.578277587891,8.14580249786377,10.9462232589722,12.1570415496826,12.8295011520386,16.7301540374756,13.2061777114868,,False,0,6.5702100423527,False,-0.025000000372529,True,False,False,False,False
10.12,359.614013671875,8.14580249786377,10.9462232589722,12.1570415496826,12.8295011520386,16.7301540374756,13.2061777114868,,False,0,6.5701396037865,False,0,True,False,False,False,False
10.14,359.592102050781,8.14580249786377,10.9462232589722,12.1570415496826,12.8295011520386,16.7301540374756,13.2061777114868,,False,0,6.5700736775586,False,0,True,False,False,False,False
10.16,359.570220947266,7.8458080291748,10.5430936813354,11.709321975708,12.813777923584,17.0301494598389,13.2219009399414,,False,0,6.57001226380476,False,0,True,False,False,False,False
10.18,359.54833984375,7.8458080291748,10.5430936813354,11.709321975708,12.813777923584,17.0301494598389,13.2219009399414,,False,0,6.56995549712259,False,0,True,False,False,False,False
10.2,359.526489257813,7.64581155776978,10.2743406295776,11.4108409881592,12.8032960891724,17.2301445007324,13.232382774353,,False,0,6.56990323684125,False,0,True,False,False,False,False
10.22,359.504608154297,7.64581155776978,10.2743406295776,11.4108409881592,12.8032960891724,17.2301445007324,13.232382774353,,False,0,6.56985548306828,False,0,True,False,False,False,False
10.24,359.482696533203,7.64581155776978,10.2743406295776,11.4108409881592,12.8032960891724,17.2301445007324,13.232382774353,,False,0,6.56981211090361,False,0,True,False,False,False,False
10.26,359.460815429688,7.34581708908081,9.87121295928955,10.9631195068359,12.7875728607178,17.5301399230957,13.2481060028076,,False,0,6.56977325175244,False,0,True,False,False,False,False
10.28,359.438934326172,7.34581708908081,9.87121295928955,10.9631195068359,12.7875728607178,17.5301399230957,13.2481060028076,,False,0,6.56973902437294,False,0,True,False,False,False,False
10.3,359.417053222656,7.14582061767578,9.60246086120605,10.6646394729614,12.7770881652832,17.7301368713379,13.2585878372192,,False,0,6.5697093038395,False,0,True,False,False,False,False
10.32,359.395141601563,7.14582061767578,9.60246086120605,10.6646394729614,12.7770881652832,17.7301368713379,13.2585878372192,,False,0,6.56968397785133,False,0,True,False,False,False,False
10.34,359.373260498047,7.14582061767578,9.60246086120605,10.6646394729614,12.7770881652832,17.7301368713379,13.2585878372192,,False,0,6.56966316514097,False,0,True,False,False,False,False
10.36,359.351379394531,6.84582567214966,9.19933128356934,10.2169179916382,12.7613649368286,18.0301303863525,13.2743110656738,,False,0,6.56964697179221,False,0,True,False,False,False,False
10.38,359.336029052734,6.84582567214966,9.19933128356934,10.2169179916382,12.7613649368286,18.0301303863525,13.2743110656738,,False,0,6.51001057513053,False,0,True,False,False,False,False
10.4,359.323913574219,6.64582967758179,8.93057918548584,9.91843795776367,12.7508821487427,18.2301273345947,13.2847881317139,,False,0,6.4181079512478,False,0,True,False,False,False,False
10.42,359.312164306641,6.64582967758179,8.93057918548584,9.91843795776367,12.7508821487427,18.2301273345947,13.2847881317139,,False,0,6.31975066454357,False,0,True,False,False,False,False
10.44,359.300201416016,6.64582967758179,8.93057918548584,9.91843795776367,12.7508821487427,18.2301273345947,13.2847881317139,,False,0,6.22010191572218,False,0,True,False,False,False,False
10.46,359.287872314453,6.34583568572998,8.52744960784912,9.47071647644043,12.7351598739624,18.5301208496094,13.3005104064941,,False,0,6.12019898328281,False,0,True,False,False,False,False
10.48,359.275115966797,6.34583568572998,8.52744960784912,9.47071647644043,12.7351598739624,18.5301208496094,13.3005104064941,,False,0,6.02024785310883,False,-0.025000000372529,True,False,False,False,False
10.5,359.320587158203,6.14446973800659,8.29132080078125,9.12805461883545,12.7223711013794,18.7260360717773,13.3075942993164,,False,0,5.92027297377612,False,-0.025000000372529,True,False,False,False,False
10.52,359.366607666016,6.14446973800659,8.29132080078125,9.12805461883545,12.7223711013794,18.7260360717773,13.3075942993164,,False,0,5.82029698880596,False,-0.0500000007450581,True,False,False,False,False
10.54,359.471893310547,6.14446973800659,8.29132080078125,9.12805461883545,12.7223711013794,18.7260360717773,13.3075942993164,,False,0,5.72030972953873,False,-0.0500000007450581,True,False,False,False,False
10.56,359.578826904297,5.84123134613037,7.98199844360352,8.55965805053711,12.7031669616699,19.015775680542,13.3126726150513,,False,0,5.62031818660073,False,-0.0500000007450581,True,False,False,False,False
10.58,359.687561035156,5.84123134613037,7.98199844360352,8.55965805053711,12.7031669616699,19.015775680542,13.3126726150513,,False,0,5.520321980345,False,0,True,False,False,False,False
10.6,359.680816650391,5.64123439788818,7.70870161056519,8.26658535003662,12.6961812973022,19.2157726287842,13.3196582794189,,False,0,5.42032612202657,False,0,True,False,False,False,False
10.62,359.673828125,5.64123439788818,7.70870161056519,8.26658535003662,12.6961812973022,19.2157726287842,13.3196582794189,,False,0,5.32033063126433,False,-0.025000000372529,True,False,False,False,False
10.64,359.725280761719,5.64123439788818,7.70870161056519,8.26658535003662,12.6961812973022,19.2157726287842,13.3196582794189,,False,0,5.22033283543625,False,-0.025000000372529,True,False,False,False,False
10.66,359.777618408203,5.34010887145996,7.34370946884155,7.77255630493164,12.6841249465942,19.5117492675781,13.3263216018677,,False,0,5.12033251186502,False,-0.025000000372529,True,False,False,False,False
10.68,359.830932617188,5.34010887145996,7.34370946884155,7.77255630493164,12.6841249465942,19.5117492675781,13.3263216018677,,False,0,5.02033343993327,False,0,True,False,False,False,False
10.7,359.826416015625,5.14010906219482,7.06866788864136,7.48145484924316,12.6784543991089,19.7117500305176,13.3319931030273,,False,0,4.92033069386867,False,0,True,False,False,False,False
10.72,359.821746826172,5.14010906219482,7.06866788864136,7.48145484924316,12.6784543991089,19.7117500305176,13.3319931030273,,False,0,4.82032809612572,False,0,True,False,False,False,False
10.74,359.81689453125,4.94010782241821,6.79362535476685,7.19035196304321,12.6727838516235,19.911750793457,13.3376636505127,,False,0,4.72032573786354,False,0,True,False,False,False,False
10.76,359.811828613281,4.94010782241821,6.79362535476685,7.19035196304321,12.6727838516235,19.911750793457,13.3376636505127,,False,0,4.62032354612762,False,-0.025000000372529,True,False,False,False,False
10.78,359.865417480469,4.94010782241821,6.79362535476685,7.19035196304321,12.6727838516235,19.911750793457,13.3376636505127,,False,0,4.52031848312378,False,-0.025000000372529,True,False,False,False,False
10.8,359.920135498047,4.94010782241821,6.79362535476685,7.19035196304321,12.6727838516235,19.911750793457,13.3376636505127,,False,0,4.42031045671712,False,-0.025000000372529,True,False,False,False,False
10.82,359.976043701172,4.94010782241821,6.79362535476685,7.19035196304321,12.6727838516235,19.911750793457,13.3376636505127,,False,0,4.32030702682936,False,-0.025000000372529,True,False,False,False,False
10.84,0.0332476794719696,4.43894195556641,6.16990423202515,6.38913536071777,12.6582775115967,20.4067058563232,13.3456697463989,,False,0,4.22030060485174,False,-0.025000000372529,True,False,False,False,False
10.86,0.0918314307928085,4.43894195556641,6.16990423202515,6.38913536071777,12.6582775115967,20.4067058563232,13.3456697463989,,False,0,4.12029872899296,False,-0.025000000372529,True,False,False,False,False
10.88,0.151918411254883,4.43894195556641,6.16990423202515,6.38913536071777,12.6582775115967,20.4067058563232,13.3456697463989,,False,0,4.02029387655469,False,-0.025000000372529,True,False,False,False,False
10.9,0.213597193360329,4.13854742050171,5.7896203994751,5.91734075546265,12.6529216766357,20.7047958374023,13.348611831665,,False,0,3.92029365978293,False,-0.025000000372529,True,False,False,False,False
10.92,0.276994496583939,4.13854742050171,5.7896203994751,5.91734075546265,12.6529216766357,20.7047958374023,13.348611831665,,False,0,3.82029055907636,False,-0.025000000372529,True,False,False,False,False
10.94,0.342248409986496,4.13854742050171,5.7896203994751,5.91734075546265,12.6529216766357,20.7047958374023,13.348611831665,,False,0,3.72029235994799,False,-0.025000000372529,True,False,False,False,False
10.96,0.409541100263596,4.13854742050171,5.7896203994751,5.91734075546265,12.6529216766357,20.7047958374023,13.348611831665,,False,0,3.62029936091189,False,-0.025000000372529,True,False,False,False,False
10.98,0.479047477245331,4.13854742050171,5.7896203994751,5.91734075546265,12.6529216766357,20.7047958374023,13.348611831665,,False,0,3.52031184613085,False,-0.025000000372529,True,False,False,False,False
11,0.550932288169861,3.63833165168762,5.14536619186401,5.14537763595581,12.6495561599731,21.2035331726074,13.3504314422607,,False,0,3.42033008801038,False,-0.025000000372529,True,False,False,False,False
11.02,0.625412046909332,3.63833165168762,5.14536619186401,5.14537763595581,12.6495561599731,21.2035331726074,13.3504314422607,,False,0,3.32035452714642,False,0,True,False,False,False,False
11.04,0.643303334712982,3.63833165168762,5.14536619186401,5.14537763595581,12.6495561599731,21.2035331726074,13.3504314422607,,False,0,3.22038039996072,False,0,True,False,False,False,False
11.06,0.662341475486755,3.63833165168762,5.14536619186401,5.14537763595581,12.6495561599731,21.2035331726074,13.3504314422607,,False,0,3.12040784425483,False,0,True,False,False,False,False
11.08,0.682673990726471,3.23833775520325,4.57969808578491,4.57969999313354,12.6495561599731,21.6035270690918,13.3504314422607,,False,0,3.02043711465866,False,0,True,False,False,False,False
11.1,0.704399228096008,3.23833775520325,4.57969808578491,4.57969999313354,12.6495561599731,21.6035270690918,13.3504314422607,,False,0,2.92046829625238,False,0,True,False,False,False,False
11.12,0.727665185928345,3.23833775520325,4.57969808578491,4.57969999313354,12.6495561599731,21.6035270690918,13.3504314422607,,False,0,2.82050159225826,False,0,True,False,False,False,False
11.14,0.752641975879669,2.93834209442139,4.15544033050537,4.155442237854,12.6495561599731,21.9035224914551,13.3504314422607,,False,0,2.72053723575885,False,0,True,False,False,False,False
11.16,0.779525518417358,2.93834209442139,4.15544033050537,4.155442237854,12.6495561599731,21.9035224914551,13.3504314422607,,False,0,2.62057549539748,False,0,True,False,False,False,False
11.18,0.808582723140717,2.93834209442139,4.15544033050537,4.155442237854,12.6495561599731,21.9035224914551,13.3504314422607,,False,0,2.52061679917728,False,0,True,False,False,False,False
11.2,0.84004133939743,2.63834667205811,3.73118305206299,3.74704074859619,12.6495561599731,22.2035179138184,13.3504314422607,,False,0,2.42066140206887,False,0,True,False,False,False,False
11.22,0.874211847782135,2.63834667205811,3.73118305206299,3.74704074859619,12.6495561599731,22.2035179138184,13.3504314422607,,False,0,2.32070973036214,False,0,True,False,False,False,False
11.24,0.911461114883423,2.63834667205811,3.73118305206299,3.74704074859619,12.6495561599731,22.2035179138184,13.3504314422607,,False,0,2.22076228706762,False,0,True,False,False,False,False
11.26,0.952223896980286,2.63834667205811,3.73118305206299,3.74704074859619,12.6495561599731,22.2035179138184,13.3504314422607,,False,0,2.12081966999852,False,0,True,False,False,False,False
11.28,0.997022807598114,2.23835277557373,3.16550660133362,3.16551160812378,12.6495561599731,22.6035118103027,13.3504314422607,,False,0,2.02088259520114,False,0,True,False,False,False,False
11.3,1.0465407371521,2.23835277557373,3.16550660133362,3.16551160812378,12.6495561599731,22.6035118103027,13.3504314422607,,False,0,1.92095207875359,False,0,False,False,False,False,False
11.32,1.08550870418549,2.23835277557373,3.16550660133362,3.16551160812378,12.6495561599731,22.6035118103027,13.3504314422607,,False,0,1.84781577283722,False,0,False,False,False,False,False
11.34,1.12769246101379,2.23835277557373,3.16550660133362,3.16551160812378,12.6495561599731,22.6035118103027,13.3504314422607,,False,0,1.77468381098268,False,0,False,False,False,False,False
11.36,1.17350745201111,2.23835277557373,3.16550660133362,3.16551160812378,12.6495561599731,22.6035118103027,13.3504314422607,,False,0,1.70155675330618,False,0,False,False,False,False,False
11.38,1.22344326972961,1.87240874767303,2.64798426628113,2.64798808097839,12.6495561599731,22.9694557189941,13.3504314422607,,False,0,1.62843526049218,False,0,False,False,False,False,False
11.4,1.27808225154877,1.87240874767303,2.64798426628113,2.64798808097839,12.6495561599731,22.9694557189941,13.3504314422607,,False,0,1.55532011741488,False,0,False,False,False,False,False
11.42,1.32685518264771,1.7513302564621,2.47675347328186,2.47675728797913,12.6495561599731,23.0905342102051,13.3504314422607,,False,0,1.49484591412563,False,0,False,False,False,False,False
11.44,1.3797482252121,1.7513302564621,2.47675347328186,2.47675728797913,12.6495561599731,23.0905342102051,13.3504314422607,,False,0,1.43437721878625,False,0,False,False,False,False,False
11.46,1.41665852069855,1.7513302564621,2.47675347328186,2.47675728797913,12.6495561599731,23.0905342102051,13.3504314422607,,False,0,1.39388987845974,False,0,False,False,False,False,False
11.48,1.4557820558548,1.6297253370285,2.30477809906006,2.30478167533875,12.6495561599731,23.2121391296387,13.3504314422607,,False,0,1.35340541146582,False,0,False,False,False,False,False
11.5,1.49732327461243,1.6297253370285,2.30477809906006,2.30478167533875,12.6495561599731,23.2121391296387,13.3504314422607,,False,0,1.31292408361882,False,0,False,False,False,False,False
11.52,1.51716899871826,1.6297253370285,2.30477809906006,2.30478167533875,12.6495561599731,23.2121391296387,13.3504314422607,,False,0,1.29280543919953,False,0,False,False,False,False,False
11.54,1.53772330284119,1.6297253370285,2.30477809906006,2.30478167533875,12.6495561599731,23.2121391296387,13.3504314422607,,False,0,1.27268776597602,False,0,False,False,False,False,False
11.56,1.55893862247467,1.54915940761566,2.19084072113037,2.19084405899048,12.6495561599731,23.2927055358887,13.3504314422607,,False,0,1.2525708843256,False,0,False,False,False,False,False
11.58,1.5808482170105,1.54915940761566,2.19084072113037,2.19084405899048,12.6495561599731,23.2927055358887,13.3504314422607,,False,0,1.2324548330173,False,0,False,False,False,False,False
11.6,1.57783484458923,1.54915940761566,2.19084072113037,2.19084405899048,12.6495561599731,23.2927055358887,13.3504314422607,,False,0,1.23198786333505,False,0,False,False,False,False,False
11.62,1.57481932640076,1.54778611660004,2.18889880180359,2.18890190124512,12.6495561599731,23.2940788269043,13.3504314422607,,False,0,1.23152090961122,False,0,False,False,False,False,False
11.64,1.57180166244507,1.54778611660004,2.18889880180359,2.18890190124512,12.6495561599731,23.2940788269043,13.3504314422607,,False,0,1.23105397186108,False,0,False,False,False,False,False
11.66,1.56819784641266,1.54778611660004,2.18889880180359,2.18890190124512,12.6495561599731,23.2940788269043,13.3504314422607,,False,0,1.2310440080693,False,0,False,False,False,False,False
11.68,1.56467521190643,1.54778611660004,2.18889880180359,2.18890190124512,12.6495561599731,23.2940788269043,13.3504314422607,,False,0,1.2310342927552,False,0,False,False,False,False,False
11.7,1.56115293502808,1.54778611660004,2.18889880180359,2.18890190124512,12.6495561599731,23.2940788269043,13.3504314422607,,False,0,1.23102459922417,False,0,False,False,False,False,False
11.72,1.55763065814972,1.54778611660004,2.18889880180359,2.18890190124512,12.6495561599731,23.2940788269043,13.3504314422607,,False,0,1.23101492747401,False,0,False,False,False,False,False
11.74,1.55410826206207,1.54778611660004,2.18889880180359,2.18890190124512,12.6495561599731,23.2940788269043,13.3504314422607,,False,0,1.23100527749968,False,0,False,False,False,False,False
11.76,1.55058598518372,1.54778611660004,2.18889880180359,2.18890190124512,12.6495561599731,23.2940788269043,13.3504314422607,,False,0,1.2309956493072,False,0,False,False,False,False,False
11.78,1.54706382751465,1.54778611660004,2.18889880180359,2.18890190124512,12.6495561599731,23.2940788269043,13.3504314422607,,False,0,1.23098604289987,False,0,False,False,False,False,False
11.8,1.54362308979034,1.54778611660004,2.18889880180359,2.18890190124512,12.6495561599731,23.2940788269043,13.3504314422607,,False,0,1.23097668092633,False,0,False,False,False,False,False
11.82,1.54018270969391,1.54778611660004,2.18889880180359,2.18890190124512,12.6495561599731,23.2940788269043,13.3504314422607,,False,0,1.23096733972919,False,0,False,False,False,False,False
11.84,1.53674209117889,1.54778611660004,2.18889880180359,2.18890190124512,12.6495561599731,23.2940788269043,13.3504314422607,,False,0,1.23095801932008,False,0,False,False,False,False,False
11.86,1.53330183029175,1.54778611660004,2.18889880180359,2.18890190124512,12.6495561599731,23.2940788269043,13.3504314422607,,False,0,1.2309487196883,False,0,False,False,False,False,False
11.88,1.52986145019531,1.54778611660004,2.18889880180359,2.18890190124512,12.6495561599731,23.2940788269043,13.3504314422607,,False,0,1.2309394408455,False,0,False,False,False,False,False
11.9,1.52642071247101,1.54778611660004,2.18889880180359,2.18890190124512,12.6495561599731,23.2940788269043,13.3504314422607,,False,0,1.23093018278377,False,0,False,False,False,False,False
11.92,1.52298021316528,1.54778611660004,2.18889880180359,2.18890190124512,12.6495561599731,23.2940788269043,13.3504314422607,,False,0,1.23092094550636,False,0,False,False,False,False,False
11.94,1.51962196826935,1.54778611660004,2.18889880180359,2.18890190124512,12.6495561599731,23.2940788269043,13.3504314422607,,False,0,1.23091194821251,False,0,False,False,False,False,False
11.96,1.51626336574554,1.54778611660004,2.18889880180359,2.18890190124512,12.6495561599731,23.2940788269043,13.3504314422607,,False,0,1.23090297072591,False,0,False,False,False,False,False
11.98,1.51290452480316,1.54778611660004,2.18889880180359,2.18890190124512,12.6495561599731,23.2940788269043,13.3504314422607,,False,0,1.23089401304702,False,0,False,False,False,False,False
12,1.50954592227936,1.54778611660004,2.18889880180359,2.18890190124512,12.6495561599731,23.2940788269043,13.3504314422607,,False,0,1.23088507517625,False,0,False,False,False,False,False
12.02,1.50618731975555,1.54778611660004,2.18889880180359,2.18890190124512,12.6495561599731,23.2940788269043,13.3504314422607,,False,0,1.23087615711404,False,0,False,False,False,False,False
12.04,1.50282835960388,1.54778611660004,2.18889880180359,2.18890190124512,12.6495561599731,23.2940788269043,13.3504314422607,,False,0,1.23086725886082,False,0,False,False,False,False,False
12.06,1.49955177307129,1.54778611660004,2.18889880180359,2.18890190124512,12.6495561599731,23.2940788269043,13.3504314422607,,False,0,1.23085859672875,False,0,False,False,False,False,False
12.08,1.49627494812012,1.54778611660004,2.18889880180359,2.18890190124512,12.6495561599731,23.2940788269043,13.3504314422607,,False,0,1.23084995345196,False,0,False,False,False,False,False
12.1,1.49299824237823,1.54778611660004,2.18889880180359,2.18890190124512,12.6495561599731,23.2940788269043,13.3504314422607,,False,0,1.23084132903647,False,0,False,False,False,False,False
12.12,1.48972153663635,1.54778611660004,2.18889880180359,2.18890190124512,12.6495561599731,23.2940788269043,13.3504314422607,,False,0,1.23083272347711,False,0,False,False,False,False,False
12.14,1.48644483089447,1.54778611660004,2.18889880180359,2.18890190124512,12.6495561599731,23.2940788269043,13.3504314422607,,False,0,1.23082413676857,False,0,False,False,False,False,False
12.16,1.4831680059433,1.54778611660004,2.18889880180359,2.18890190124512,12.6495561599731,23.2940788269043,13.3504314422607,,False,0,1.2308155689169,False,0,False,False,False,False,False
12.18,1.47989130020142,1.54778611660004,2.18889880180359,2.18890190124512,12.6495561599731,23.2940788269043,13.3504314422607,,False,0,1.2308070199225,False,0,False,False,False,False,False
12.2,1.47669637203217,1.54778611660004,2.18889880180359,2.18890190124512,12.6495561599731,23.2940788269043,13.3504314422607,,False,0,1.23079870279808,False,0,False,False,False,False,False
12.22,1.47350132465363,1.54778611660004,2.18889880180359,2.18890190124512,12.6495561599731,23.2940788269043,13.3504314422607,,False,0,1.23079040361465,False,0,False,False,False,False,False
12.24,1.47030639648438,1.54778611660004,2.18889880180359,2.18890190124512,12.6495561599731,23.2940788269043,13.3504314422607,,False,0,1.23078212235572,False,0,False,False,False,False,False
12.26,1.46711146831512,1.54778611660004,2.18889880180359,2.18890190124512,12.6495561599731,23.2940788269043,13.3504314422607,,False,0,1.23077385902443,False,0,False,False,False,False,False
12.28,1.46391665935516,1.54778611660004,2.18889880180359,2.18890190124512,12.6495561599731,23.2940788269043,13.3504314422607,,False,0,1.23076561362116,False,0,False,False,False,False,False
12.3,1.4607218503952,1.54778611660004,2.18889880180359,2.18890190124512,12.6495561599731,23.2940788269043,13.3504314422607,,False,0,1.23075738614625,False,0,False,False,False,False,False
12.32,1.45752668380737,1.54778611660004,2.18889880180359,2.18890190124512,12.6495561599731,23.2940788269043,13.3504314422607,,False,0,1.23074917660008,False,0,False,False,False,False,False
12.34,1.45441377162933,1.54778611660004,2.18889880180359,2.18890190124512,12.6495561599731,23.2940788269043,13.3504314422607,,False,0,1.2307411948005,False,0,False,False,False,False,False
12.36,1.45130062103271,1.54778611660004,2.18889880180359,2.18890190124512,12.6495561599731,23.2940788269043,13.3504314422607,,False,0,1.23073323002549,False,0,False,False,False,False,False
12.38,1.4481874704361,1.54778611660004,2.18889880180359,2.18890190124512,12.6495561599731,23.2940788269043,13.3504314422607,,False,0,1.23072528226696,False,0,False,False,False,False,False
12.4,1.44507455825806,1.54778611660004,2.18889880180359,2.18890190124512,12.6495561599731,23.2940788269043,13.3504314422607,,False,0,1.23071735153649,False,0,False,False,False,False,False
12.42,1.44196164608002,1.54778611660004,2.18889880180359,2.18890190124512,12.6495561599731,23.2940788269043,13.3504314422607,,False,0,1.23070943782315,False,0,False,False,False,False,False
12.44,1.4388484954834,1.54778611660004,2.18889880180359,2.18890190124512,12.6495561599731,23.2940788269043,13.3504314422607,,False,0,1.23070154113851,False,0,False,False,False,False,False
12.46,1.4357351064682,1.54778611660004,2.18889880180359,2.18890190124512,12.6495561599731,23.2940788269043,13.3504314422607,,False,0,1.23069366147167,False,0,False,False,False,False,False
12.48,1.43270397186279,1.54778611660004,2.18889880180359,2.18890190124512,12.6495561599731,23.2940788269043,13.3504314422607,,False,0,1.23068600552768,False,0,False,False,False,False,False
12.5,1.42967283725739,1.54778611660004,2.18889880180359,2.18890190124512,12.6495561599731,23.2940788269043,13.3504314422607,,False,0,1.23067836573495,False,0,False,False,False,False,False
12.52,1.42664158344269,1.54778611660004,2.18889880180359,2.18890190124512,12.6495561599731,23.2940788269043,13.3504314422607,,False,0,1.23067074206241,False,0,False,False,False,False,False
12.54,1.42361044883728,1.54778611660004,2.18889880180359,2.18890190124512,12.6495561599731,23.2940788269043,13.3504314422607,,False,0,1.23066313453036,False,0,False,False,False,False,False
12.56,1.42057919502258,1.54778611660004,2.18889880180359,2.18890190124512,12.6495561599731,23.2940788269043,13.3504314422607,,False,0,1.23065554314757,False,0,False,False,False,False,False
12.58,1.41754806041718,1.54778611660004,2.18889880180359,2.18890190124512,12.6495561599731,23.2940788269043,13.3504314422607,,False,0,1.23064796790016,False,0,False,False,False,False,False
12.6,1.41451668739319,1.54778611660004,2.18889880180359,2.18890190124512,12.6495561599731,23.2940788269043,13.3504314422607,,False,0,1.2306404088141,False,0,False,False,False,False,False
12.62,1.41148555278778,1.54778611660004,2.18889880180359,2.18890190124512,12.6495561599731,23.2940788269043,13.3504314422607,,False,0,1.23063286585832,False,0,False,False,False,False,False
12.64,1.408536195755,1.54778611660004,2.18889880180359,2.18890190124512,12.6495561599731,23.2940788269043,13.3504314422607,,False,0,1.23062554225984,False,0,False,False,False,False,False
12.66,1.40558683872223,1.54778611660004,2.18889880180359,2.18890190124512,12.6495561599731,23.2940788269043,13.3504314422607,,False,0,1.23061823393696,False,0,False,False,False,False,False
12.68,1.40263760089874,1.54778611660004,2.18889880180359,2.18890190124512,12.6495561599731,23.2940788269043,13.3504314422607,,False,0,1.23061094089582,False,0,False,False,False,False,False
12.7,1.39968848228455,1.54778611660004,2.18889880180359,2.18890190124512,12.6495561599731,23.2940788269043,13.3504314422607,,False,0,1.23060366313668,False,0,False,False,False,False,False
12.72,1.39673888683319,1.54778611660004,2.18889880180359,2.18890190124512,12.6495561599731,23.2940788269043,13.3504314422607,,False,0,1.23059640065982,False,0,False,False,False,False,False
12.74,1.39378988742828,1.54778611660004,2.18889880180359,2.18890190124512,12.6495561599731,23.2940788269043,13.3504314422607,,False,0,1.23058915346551,False,0,False,False,False,False,False
12.76,1.39084041118622,1.54778611660004,2.18889880180359,2.18890190124512,12.6495561599731,23.2940788269043,13.3504314422607,,False,0,1.23058192155401,False,0,False,False,False,False,False
12.78,1.38789081573486,1.54778611660004,2.18889880180359,2.18890190124512,12.6495561599731,23.2940788269043,13.3504314422607,,False,0,1.23057470492561,False,0,False,False,False,False,False
12.8,1.38502335548401,1.54778611660004,2.18889880180359,2.18890190124512,12.6495561599731,23.2940788269043,13.3504314422607,,False,0,1.23056770341155,False,0,False,False,False,False,False
12.82,1.38215601444244,1.54778611660004,2.18889880180359,2.18890190124512,12.6495561599731,23.2940788269043,13.3504314422607,,False,0,1.23056071634381,False,0,False,False,False,False,False
12.84,1.37928867340088,1.54778611660004,2.18889880180359,2.18890190124512,12.6495561599731,23.2940788269043,13.3504314422607,,False,0,1.23055374372263,False,0,False,False,False,False,False
12.86,1.37642097473145,1.54778611660004,2.18889880180359,2.18890190124512,12.6495561599731,23.2940788269043,13.3504314422607,,False,0,1.23054678554241,False,0,False,False,False,False,False
12.88,1.37355363368988,1.54778611660004,2.18889880180359,2.18890190124512,12.6495561599731,23.2940788269043,13.3504314422607,,False,0,1.2305398418151,False,0,False,False,False,False,False
12.9,1.37068617343903,1.54778611660004,2.18889880180359,2.18890190124512,12.6495561599731,23.2940788269043,13.3504314422607,,False,0,1.2305329125351,False,0,False,False,False,False,False
12.92,1.36781871318817,1.54778611660004,2.18889880180359,2.18890190124512,12.6495561599731,23.2940788269043,13.3504314422607,,False,0,1.23052599770265,False,0,False,False,False,False,False
12.94,1.36503326892853,1.54778611660004,2.18889880180359,2.18890190124512,12.6495561599731,23.2940788269043,13.3504314422607,,False,0,1.23051929427133,False,0,False,False,False,False,False
12.96,1.36224746704102,1.54778611660004,2.18889880180359,2.18890190124512,12.6495561599731,23.2940788269043,13.3504314422607,,False,0,1.23051260447423,False,0,False,False,False,False,False
12.98,1.35946214199066,1.54778611660004,2.18889880180359,2.18890190124512,12.6495561599731,23.2940788269043,13.3504314422607,,False,0,1.23050592831157,False,0,False,False,False,False,False
13,1.35667657852173,1.54778611660004,2.18889880180359,2.18890190124512,12.6495561599731,23.2940788269043,13.3504314422607,,False,0,1.23049926578358,False,0,False,False,False,False,False
13.02,1.35389089584351,1.54778611660004,2.18889880180359,2.18890190124512,12.6495561599731,23.2940788269043,13.3504314422607,,False,0,1.23049261689339,False,0,False,False,False,False,False
13.04,1.3511049747467,1.54778611660004,2.18889880180359,2.18890190124512,12.6495561599731,23.2940788269043,13.3504314422607,,False,0,1.23048598163833,False,0,False,False,False,False,False
13.06,1.34831964969635,1.54778611660004,2.18889880180359,2.18890190124512,12.6495561599731,23.2940788269043,13.3504314422607,,False,0,1.23047936001565,False,0,False,False,False,False,False
13.08,1.34553408622742,1.54778611660004,2.18889880180359,2.18890190124512,12.6495561599731,23.2940788269043,13.3504314422607,,False,0,1.23047275202852,False,0,False,False,False,False,False
13.1,1.34274840354919,1.54778611660004,2.18889880180359,2.18890190124512,12.6495561599731,23.2940788269043,13.3504314422607,,False,0,1.23046615767715,False,0,False,False,False,False,False
13.12,1.34004473686218,1.54778611660004,2.18889880180359,2.18890190124512,12.6495561599731,23.2940788269043,13.3504314422607,,False,0,1.23045977031759,False,0,False,False,False,False,False
13.14,1.33734095096588,1.54778611660004,2.18889880180359,2.18890190124512,12.6495561599731,23.2940788269043,13.3504314422607,,False,0,1.23045339580389,False,0,False,False,False,False,False
13.16,1.33463728427887,1.54778611660004,2.18889880180359,2.18890190124512,12.6495561599731,23.2940788269043,13.3504314422607,,False,0,1.23044703413626,False,0,False,False,False,False,False
13.18,1.33193349838257,1.54778611660004,2.18889880180359,2.18890190124512,12.6495561599731,23.2940788269043,13.3504314422607,,False,0,1.23044068531784,False,0,False,False,False,False,False
13.2,1.32922971248627,1.54778611660004,2.18889880180359,2.18890190124512,12.6495561599731,23.2940788269043,13.3504314422607,,False,0,1.23043434934589,False,0,False,False,False,False,False
13.22,1.32652616500854,1.54778611660004,2.18889880180359,2.18890190124512,12.6495561599731,23.2940788269043,13.3504314422607,,False,0,1.2304280262266,False,0,False,False,False,False,False
13.24,1.32382249832153,1.54778611660004,2.18889880180359,2.18890190124512,12.6495561599731,23.2940788269043,13.3504314422607,,False,0,1.23042171594822,False,0,False,False,False,False,False
13.26,1.32111871242523,1.54778611660004,2.18889880180359,2.18890190124512,12.6495561599731,23.2940788269043,13.3504314422607,,False,0,1.23041541852298,False,0,False,False,False,False,False
13.28,1.31849706172943,1.54778611660004,2.18889880180359,2.18890190124512,12.6495561599731,23.2940788269043,13.3504314422607,,False,0,1.23040932419223,False,0,False,False,False,False,False
13.3,1.31587505340576,1.54778611660004,2.18889880180359,2.18890190124512,12.6495561599731,23.2940788269043,13.3504314422607,,False,0,1.23040324193598,False,0,False,False,False,False,False
13.32,1.31325304508209,1.54778611660004,2.18889880180359,2.18890190124512,12.6495561599731,23.2940788269043,13.3504314422607,,False,0,1.23039717176662,False,0,False,False,False,False,False
13.34,1.31063151359558,1.54778611660004,2.18889880180359,2.18890190124512,12.6495561599731,23.2940788269043,13.3504314422607,,False,0,1.23039111367213,False,0,False,False,False,False,False
13.36,1.30800974369049,1.54778611660004,2.18889880180359,2.18890190124512,12.6495561599731,23.2940788269043,13.3504314422607,,False,0,1.23038506766488,False,0,False,False,False,False,False
13.38,1.30538785457611,1.54778611660004,2.18889880180359,2.18890190124512,12.6495561599731,23.2940788269043,13.3504314422607,,False,0,1.23037903373286,False,0,False,False,False,False,False
13.4,1.30276572704315,1.54778611660004,2.18889880180359,2.18890190124512,12.6495561599731,23.2940788269043,13.3504314422607,,False,0,1.23037301188844,False,0,False,False,False,False,False
13.42,1.30014419555664,1.54778611660004,2.18889880180359,2.18890190124512,12.6495561599731,23.2940788269043,13.3504314422607,,False,0,1.23036700211959,False,0,False,False,False,False,False
13.44,1.29752242565155,1.54778611660004,2.18889880180359,2.18890190124512,12.6495561599731,23.2940788269043,13.3504314422607,,False,0,1.23036100443871,False,0,False,False,False,False,False
13.46,1.29498219490051,1.54778611660004,2.18889880180359,2.18890190124512,12.6495561599731,23.2940788269043,13.3504314422607,,False,0,1.23035520570092,False,0,False,False,False,False,False
13.48,1.29244232177734,1.54778611660004,2.18889880180359,2.18890190124512,12.6495561599731,23.2940788269043,13.3504314422607,,False,0,1.23034941831426,False,0,False,False,False,False,False
13.5,1.28990244865417,1.54778611660004,2.18889880180359,2.18890190124512,12.6495561599731,23.2940788269043,13.3504314422607,,False,0,1.23034364225434,False,0,False,False,False,False,False
13.52,1.28736233711243,1.54778611660004,2.18889880180359,2.18890190124512,12.6495561599731,23.2940788269043,13.3504314422607,,False,0,1.23033787753976,False,0,False,False,False,False,False
13.54,1.28482270240784,1.54778611660004,2.18889880180359,2.18890190124512,12.6495561599731,23.2940788269043,13.3504314422607,,False,0,1.23033212416145,False,0,False,False,False,False,False
13.56,1.28228259086609,1.54778611660004,2.18889880180359,2.18890190124512,12.6495561599731,23.2940788269043,13.3504314422607,,False,0,1.23032638212264,False,0,False,False,False,False,False
13.58,1.27974247932434,1.54778611660004,2.18889880180359,2.18890190124512,12.6495561599731,23.2940788269043,13.3504314422607,,False,0,1.23032065142349,False,0,False,False,False,False,False
13.6,1.27720260620117,1.54778611660004,2.18889880180359,2.18890190124512,12.6495561599731,23.2940788269043,13.3504314422607,,False,0,1.23031493206416,False,0,False,False,False,False,False
13.62,1.27474462985992,1.54778611660004,2.18889880180359,2.18890190124512,12.6495561599731,23.2940788269043,13.3504314422607,,False,0,1.23030940799746,False,0,False,False,False,False,False
13.64,1.27228665351868,1.54778611660004,2.18889880180359,2.18890190124512,12.6495561599731,23.2940788269043,13.3504314422607,,False,0,1.23030389455107,False,0,False,False,False,False,False
13.66,1.26982843875885,1.54778611660004,2.18889880180359,2.18890190124512,12.6495561599731,23.2940788269043,13.3504314422607,,False,0,1.23029839172513,False,0,False,False,False,False,False
13.68,1.2673704624176,1.54778611660004,2.18889880180359,2.18890190124512,12.6495561599731,23.2940788269043,13.3504314422607,,False,0,1.23029289951979,False,0,False,False,False,False,False
13.7,1.26491248607636,1.54778611660004,2.18889880180359,2.18890190124512,12.6495561599731,23.2940788269043,13.3504314422607,,False,0,1.23028741793519,False,0,False,False,False,False,False
13.72,1.26245439052582,1.54778611660004,2.18889880180359,2.18890190124512,12.6495561599731,23.2940788269043,13.3504314422607,,False,0,1.23028194696531,False,0,False,False,False,False,False
13.74,1.25999629497528,1.54778611660004,2.18889880180359,2.18890190124512,12.6495561599731,23.2940788269043,13.3504314422607,,False,0,1.23027648661955,False,0,False,False,False,False,False
13.76,1.25753819942474,1.54778611660004,2.18889880180359,2.18890190124512,12.6495561599731,23.2940788269043,13.3504314422607,,False,0,1.23027103690107,False,0,False,False,False,False,False
13.78,1.25508046150208,1.54778611660004,2.18889880180359,2.18890190124512,12.6495561599731,23.2940788269043,13.3504314422607,,False,0,1.23026559779777,False,0,False,False,False,False,False
13.8,1.25262212753296,1.54778611660004,2.18889880180359,2.18890190124512,12.6495561599731,23.2940788269043,13.3504314422607,,False,0,1.23026016932203,False,0,False,False,False,False,False
13.82,1.25024616718292,1.54778611660004,2.18889880180359,2.18890190124512,12.6495561599731,23.2940788269043,13.3504314422607,,False,0,1.23025493188588,False,0,False,False,False,False,False
13.84,1.24786972999573,1.54778611660004,2.18889880180359,2.18890190124512,12.6495561599731,23.2940788269043,13.3504314422607,,False,0,1.23024970438125,False,0,False,False,False,False,False
13.86,1.24549388885498,1.54778611660004,2.18889880180359,2.18890190124512,12.6495561599731,23.2940788269043,13.3504314422607,,False,0,1.23024448679604,False,0,False,False,False,False,False
13.88,1.24311745166779,1.54778611660004,2.18889880180359,2.18890190124512,12.6495561599731,23.2940788269043,13.3504314422607,,False,0,1.2302392791426,False,0,False,False,False,False,False
13.9,1.24074149131775,1.54778611660004,2.18889880180359,2.18890190124512,12.6495561599731,23.2940788269043,13.3504314422607,,False,0,1.23023408140884,False,0,False,False,False,False,False
13.92,1.23836517333984,1.54778611660004,2.18889880180359,2.18890190124512,12.6495561599731,23.2940788269043,13.3504314422607,,False,0,1.23022889361017,False,0,False,False,False,False,False
13.94,1.23598909378052,1.54778611660004,2.18889880180359,2.18890190124512,12.6495561599731,23.2940788269043,13.3504314422607,,False,0,1.23022371573141,False,0,False,False,False,False,False
13.96,1.23361301422119,1.54778611660004,2.18889880180359,2.18890190124512,12.6495561599731,23.2940788269043,13.3504314422607,,False,0,1.23021854777882,False,0,False,False,False,False,False
13.98,1.231236577034,1.54778611660004,2.18889880180359,2.18890190124512,12.6495561599731,23.2940788269043,13.3504314422607,,False,0,1.23021338975252,False,0,False,False,False,False,False
14,1.22894287109375,1.54778611660004,2.18889880180359,2.18890190124512,12.6495561599731,23.2940788269043,13.3504314422607,,False,0,1.23020841900807,False,0,False,False,False,False,False
14.02,1.22664833068848,1.54778611660004,2.18889880180359,2.18890190124512,12.6495561599731,23.2940788269043,13.3504314422607,,False,0,1.23020345751737,False,0,False,False,False,False,False
14.04,1.22435414791107,1.54778611660004,2.18889880180359,2.18890190124512,12.6495561599731,23.2940788269043,13.3504314422607,,False,0,1.23019850528052,False,0,False,False,False,False,False
14.06,1.22205972671509,1.54778611660004,2.18889880180359,2.18890190124512,12.6495561599731,23.2940788269043,13.3504314422607,,False,0,1.23019356229766,False,0,False,False,False,False,False
14.08,1.21976554393768,1.54778611660004,2.18889880180359,2.18890190124512,12.6495561599731,23.2940788269043,13.3504314422607,,False,0,1.23018862856887,False,0,False,False,False,False,False
14.1,1.21747136116028,1.54778611660004,2.18889880180359,2.18890190124512,12.6495561599731,23.2940788269043,13.3504314422607,,False,0,1.23018370409428,False,0,False,False,False,False,False
14.12,1.21517693996429,1.54778611660004,2.18889880180359,2.18890190124512,12.6495561599731,23.2940788269043,13.3504314422607,,False,0,1.230178788874,False,0,False,False,False,False,False
14.14,1.2128826379776,1.54778611660004,2.18889880180359,2.18890190124512,12.6495561599731,23.2940788269043,13.3504314422607,,False,0,1.23017388290813,False,0,False,False,False,False,False
14.16,1.21058833599091,1.54778611660004,2.18889880180359,2.18890190124512,12.6495561599731,23.2940788269043,13.3504314422607,,False,0,1.23016898619679,False,0,False,False,False,False,False
14.18,1.2082941532135,1.54778611660004,2.18889880180359,2.18890190124512,12.6495561599731,23.2940788269043,13.3504314422607,,False,0,1.23016409874009,False,0,False,False,False,False,False
14.2,1.20608162879944,1.54778611660004,2.18889880180359,2.18890190124512,12.6495561599731,23.2940788269043,13.3504314422607,,False,0,1.23015939460027,False,0,False,False,False,False,False
14.22,1.20386946201324,1.54778611660004,2.18889880180359,2.18890190124512,12.6495561599731,23.2940788269043,13.3504314422607,,False,0,1.23015469906606,False,0,False,False,False,False,False
14.24,1.20165717601776,1.54778611660004,2.18889880180359,2.18890190124512,12.6495561599731,23.2940788269043,13.3504314422607,,False,0,1.23015001213753,False,0,False,False,False,False,False
14.26,1.19944477081299,1.54778611660004,2.18889880180359,2.18890190124512,12.6495561599731,23.2940788269043,13.3504314422607,,False,0,1.23014533381481,False,0,False,False,False,False,False
14.28,1.19723212718964,1.54778611660004,2.18889880180359,2.18890190124512,12.6495561599731,23.2940788269043,13.3504314422607,,False,0,1.23014066409798,False,0,False,False,False,False,False
14.3,1.19501996040344,1.54778611660004,2.18889880180359,2.18890190124512,12.6495561599731,23.2940788269043,13.3504314422607,,False,0,1.23013600298714,False,0,False,False,False,False,False
14.32,1.19280779361725,1.54778611660004,2.18889880180359,2.18890190124512,12.6495561599731,23.2940788269043,13.3504314422607,,False,0,1.23013135048239,False,0,False,False,False,False,False
14.34,1.19059526920319,1.54778611660004,2.18889880180359,2.18890190124512,12.6495561599731,23.2940788269043,13.3504314422607,,False,0,1.23012670658382,False,0,False,False,False,False,False
14.36,1.18838286399841,1.54778611660004,2.18889880180359,2.18890190124512,12.6495561599731,23.2940788269043,13.3504314422607,,False,0,1.23012207129154,False,0,False,False,False,False,False
14.38,1.18617057800293,1.54778611660004,2.18889880180359,2.18890190124512,12.6495561599731,23.2940788269043,13.3504314422607,,False,0,1.23011744460872,False,0,False,False,False,False,False
14.4,1.18404006958008,1.54778611660004,2.18889880180359,2.18890190124512,12.6495561599731,23.2940788269043,13.3504314422607,,False,0,1.23011299741273,False,0,False,False,False,False,False
14.42,1.18190956115723,1.54778611660004,2.18889880180359,2.18890190124512,12.6495561599731,23.2940788269043,13.3504314422607,,False,0,1.23010855820374,False,0,False,False,False,False,False
14.44,1.17977917194366,1.54778611660004,2.18889880180359,2.18890190124512,12.6495561599731,23.2940788269043,13.3504314422607,,False,0,1.23010412696954,False,0,False,False,False,False,False
14.46,1.1776487827301,1.54778611660004,2.18889880180359,2.18890190124512,12.6495561599731,23.2940788269043,13.3504314422607,,False,0,1.23009970372252,False,0,False,False,False,False,False
14.48,1.17551827430725,1.54778611660004,2.18889880180359,2.18890190124512,12.6495561599731,23.2940788269043,13.3504314422607,,False,0,1.23009528845046,False,0,False,False,False,False,False
14.5,1.17338800430298,1.54778611660004,2.18889880180359,2.18890190124512,12.6495561599731,23.2940788269043,13.3504314422607,,False,0,1.23009088116575,False,0,False,False,False,False,False
14.52,1.17125737667084,1.54778611660004,2.18889880180359,2.18890190124512,12.6495561599731,23.2940788269043,13.3504314422607,,False,0,1.23008648185618,False,0,False,False,False,False,False
14.54,1.16912710666656,1.54778611660004,2.18889880180359,2.18890190124512,12.6495561599731,23.2940788269043,13.3504314422607,,False,0,1.23008209053413,False,0,False,False,False,False,False
14.56,1.16699647903442,1.54778611660004,2.18889880180359,2.18890190124512,12.6495561599731,23.2940788269043,13.3504314422607,,False,0,1.23007770718737,False,0,False,False,False,False,False
14.58,1.16486620903015,1.54778611660004,2.18889880180359,2.18890190124512,12.6495561599731,23.2940788269043,13.3504314422607,,False,0,1.23007333182832,False,0,False,False,False,False,False
14.6,1.1627357006073,1.54778611660004,2.18889880180359,2.18890190124512,12.6495561599731,23.2940788269043,13.3504314422607,,False,0,1.23006896445401,False,0,False,False,False,False,False
14.62,1.16068708896637,1.54778611660004,2.18889880180359,2.18890190124512,12.6495561599731,23.2940788269043,13.3504314422607,,False,0,1.23006477257061,False,0,False,False,False,False,False
14.64,1.15863847732544,1.54778611660004,2.18889880180359,2.18890190124512,12.6495561599731,23.2940788269043,13.3504314422607,,False,0,1.23006058807612,False,0,False,False,False,False,False
14.66,1.15658986568451,1.54778611660004,2.18889880180359,2.18890190124512,12.6495561599731,23.2940788269043,13.3504314422607,,False,0,1.23005641095514,False,0,False,False,False,False,False
14.68,1.15454137325287,1.54778611660004,2.18889880180359,2.18890190124512,12.6495561599731,23.2940788269043,13.3504314422607,,False,0,1.2300522412201,False,0,False,False,False,False,False
14.7,1.15249300003052,1.54778611660004,2.18889880180359,2.18890190124512,12.6495561599731,23.2940788269043,13.3504314422607,,False,0,1.23004807885872,False,0,False,False,False,False,False
14.72,1.15044438838959,1.54778611660004,2.18889880180359,2.18890190124512,12.6495561599731,23.2940788269043,13.3504314422607,,False,0,1.23004392388345,False,0,False,False,False,False,False
14.74,1.14839589595795,1.54778611660004,2.18889880180359,2.18890190124512,12.6495561599731,23.2940788269043,13.3504314422607,,False,0,1.23003977628198,False,0,False,False,False,False,False
14.76,1.14634728431702,1.54778611660004,2.18889880180359,2.18890190124512,12.6495561599731,23.2940788269043,13.3504314422607,,False,0,1.23003563606676,False,0,False,False,False,False,False
14.78,1.14429879188538,1.54778611660004,2.18889880180359,2.18890190124512,12.6495561599731,23.2940788269043,13.3504314422607,,False,0,1.2300315032255,False,0,False,False,False,False,False
14.8,1.14225006103516,1.54778611660004,2.18889880180359,2.18890190124512,12.6495561599731,23.2940788269043,13.3504314422607,,False,0,1.23002737777064,False,0,False,False,False,False,False
14.82,1.14020156860352,1.54778611660004,2.18889880180359,2.18890190124512,12.6495561599731,23.2940788269043,13.3504314422607,,False,0,1.23002325968988,False,0,False,False,False,False,False
14.84,1.13823485374451,1.54778611660004,2.18889880180359,2.18890190124512,12.6495561599731,23.2940788269043,13.3504314422607,,False,0,1.23001931328186,False,0,False,False,False,False,False
14.86,1.13626825809479,1.54778611660004,2.18889880180359,2.18890190124512,12.6495561599731,23.2940788269043,13.3504314422607,,False,0,1.23001537366946,False,0,False,False,False,False,False
14.88,1.13430154323578,1.54778611660004,2.18889880180359,2.18890190124512,12.6495561599731,23.2940788269043,13.3504314422607,,False,0,1.23001144086512,False,0,False,False,False,False,False
14.9,1.13233518600464,1.54778611660004,2.18889880180359,2.18890190124512,12.6495561599731,23.2940788269043,13.3504314422607,,False,0,1.23000751485654,False,0,False,False,False,False,False
14.92,1.13036847114563,1.54778611660004,2.18889880180359,2.18890190124512,12.6495561599731,23.2940788269043,13.3504314422607,,False,0,1.23000359565615,False,0,False,False,False,False,False
14.94,1.12840175628662,1.54778611660004,2.18889880180359,2.18890190124512,12.6495561599731,23.2940788269043,13.3504314422607,,False,0,1.22999968325473,False,0,False,False,False,False,False
14.96,1.12643527984619,1.54778611660004,2.18889880180359,2.18890190124512,12.6495561599731,23.2940788269043,13.3504314422607,,False,0,1.22999577765235,False,0,False,False,False,False,False
14.98,1.12446844577789,1.54778611660004,2.18889880180359,2.18890190124512,12.6495561599731,23.2940788269043,13.3504314422607,,False,0,1.22999187885527,False,0,False,False,False,False,False
15,1.12250185012817,1.54778611660004,2.18889880180359,2.18890190124512,12.6495561599731,23.2940788269043,13.3504314422607,,False,0,1.22998798686045,False,0,False,False,False,False,False
15.02,1.12053513526917,1.54778611660004,2.18889880180359,2.18890190124512,12.6495561599731,23.2940788269043,13.3504314422607,,False,0,1.22998410166795,False,0,False,False,False,False,False
15.04,1.11856877803802,1.54778611660004,2.18889880180359,2.18890190124512,12.6495561599731,23.2940788269043,13.3504314422607,,False,0,1.22998022327785,False,0,False,False,False,False,False
15.06,1.11668384075165,1.54778611660004,2.18889880180359,2.18890190124512,12.6495561599731,23.2940788269043,13.3504314422607,,False,0,1.22997651287055,False,0,False,False,False,False,False
15.08,1.11479902267456,1.54778611660004,2.18889880180359,2.18890190124512,12.6495561599731,23.2940788269043,13.3504314422607,,False,0,1.2299728087107,False,0,False,False,False,False,False
15.1,1.11291432380676,1.54778611660004,2.18889880180359,2.18890190124512,12.6495561599731,23.2940788269043,13.3504314422607,,False,0,1.22996911079835,False,0,False,False,False,False,False
15.12,1.11102986335754,1.54778611660004,2.18889880180359,2.18890190124512,12.6495561599731,23.2940788269043,13.3504314422607,,False,0,1.22996541913357,False,0,False,False,False,False,False
15.14,1.10914504528046,1.54778611660004,2.18889880180359,2.18890190124512,12.6495561599731,23.2940788269043,13.3504314422607,,False,0,1.22996173371641,False,0,False,False,False,False,False
15.16,1.10726022720337,1.54778611660004,2.18889880180359,2.18890190124512,12.6495561599731,23.2940788269043,13.3504314422607,,False,0,1.22995805454693,False,0,False,False,False,False,False
15.18,1.10537540912628,1.54778611660004,2.18889880180359,2.18890190124512,12.6495561599731,23.2940788269043,13.3504314422607,,False,0,1.22995438162518,False,0,False,False,False,False,False
15.2,1.10349094867706,1.54778611660004,2.18889880180359,2.18890190124512,12.6495561599731,23.2940788269043,13.3504314422607,,False,0,1.22995071495122,False,0,False,False,False,False,False
15.22,1.1016058921814,1.54778611660004,2.18889880180359,2.18890190124512,12.6495561599731,23.2940788269043,13.3504314422607,,False,0,1.22994705452511,False,0,False,False,False,False,False
15.24,1.09972155094147,1.54778611660004,2.18889880180359,2.18890190124512,12.6495561599731,23.2940788269043,13.3504314422607,,False,0,1.22994340034689,False,0,False,False,False,False,False
15.26,1.09783673286438,1.54778611660004,2.18889880180359,2.18890190124512,12.6495561599731,23.2940788269043,13.3504314422607,,False,0,1.22993975241664,False,0,False,False,False,False,False
15.28,1.09595203399658,1.54778611660004,2.18889880180359,2.18890190124512,12.6495561599731,23.2940788269043,13.3504314422607,,False,0,1.22993611073439,False,0,False,False,False,False,False
15.3,1.09414923191071,1.54778611660004,2.18889880180359,2.18890190124512,12.6495561599731,23.2940788269043,13.3504314422607,,False,0,1.22993263323265,False,0,False,False,False,False,False
15.32,1.09234619140625,1.54778611660004,2.18889880180359,2.18890190124512,12.6495561599731,23.2940788269043,13.3504314422607,,False,0,1.22992916144752,False,0,False,False,False,False,False
15.34,1.09054350852966,1.54778611660004,2.18889880180359,2.18890190124512,12.6495561599731,23.2940788269043,13.3504314422607,,False,0,1.22992569537906,False,0,False,False,False,False,False
15.36,1.08874070644379,1.54778611660004,2.18889880180359,2.18890190124512,12.6495561599731,23.2940788269043,13.3504314422607,,False,0,1.22992223502731,False,0,False,False,False,False,False
15.38,1.08693790435791,1.54778611660004,2.18889880180359,2.18890190124512,12.6495561599731,23.2940788269043,13.3504314422607,,False,0,1.22991878039232,False,0,False,False,False,False,False
15.4,1.08513510227203,1.54778611660004,2.18889880180359,2.18890190124512,12.6495561599731,23.2940788269043,13.3504314422607,,False,0,1.22991533147415,False,0,False,False,False,False,False
15.42,1.08333241939545,1.54778611660004,2.18889880180359,2.18890190124512,12.6495561599731,23.2940788269043,13.3504314422607,,False,0,1.22991188827283,False,0,False,False,False,False,False
15.44,1.08152961730957,1.54778611660004,2.18889880180359,2.18890190124512,12.6495561599731,23.2940788269043,13.3504314422607,,False,0,1.22990845078842,False,0,False,False,False,False,False
15.46,1.07972681522369,1.54778611660004,2.18889880180359,2.18890190124512,12.6495561599731,23.2940788269043,13.3504314422607,,False,0,1.22990501902096,False,0,False,False,False,False,False
15.48,1.07792377471924,1.54778611660004,2.18889880180359,2.18890190124512,12.6495561599731,23.2940788269043,13.3504314422607,,False,0,1.22990159297051,False,0,False,False,False,False,False
15.5,1.07612109184265,1.54778611660004,2.18889880180359,2.18890190124512,12.6495561599731,23.2940788269043,13.3504314422607,,False,0,1.2298981726371,False,0,False,False,False,False,False
