timestamp,rotation,northRay,northwestRay,northeastRay,eastRay,southRay,westRay,fitness,doorClosed,checkpointMet,distanceFromPlayer,seesKey,mouseRotation,forwardButtonPressed,backButtonPressed,leftButtonPressed,rightButtonPressed,keyButtonPressed
1.56,,,,,,,,,,,,False,,,,,,
1.58,193.397033691406,17.4176177978516,24.6322345733643,8.9988899230957,6.3631706237793,34.5142364501953,19.6368255615234,,False,0,14.7623298464154,False,0,False,False,False,False,False
1.6,193.397033691406,17.4176177978516,24.6322345733643,8.9988899230957,6.3631706237793,34.514232635498,19.6368255615234,,False,0,14.7623298464154,False,0,False,False,False,False,False
1.62,193.397033691406,17.4176177978516,24.6322345733643,8.9988899230957,6.3631706237793,34.514232635498,19.6368255615234,,False,0,14.7623298464154,False,0,False,False,False,False,False
1.64,193.397033691406,17.4176177978516,24.6322345733643,8.9988899230957,6.3631706237793,34.5142364501953,19.6368255615234,,False,0,14.7623298464154,False,0,False,False,False,False,False
1.66,193.397033691406,17.4176177978516,24.6322345733643,8.9988899230957,6.3631706237793,34.514232635498,19.6368255615234,,False,0,14.7623298464154,False,0,False,False,False,False,False
1.68,193.397033691406,17.4176177978516,24.6322345733643,8.9988899230957,6.3631706237793,34.5142364501953,19.6368255615234,,False,0,14.7623298464154,False,0,False,False,False,False,False
1.7,193.397033691406,17.4176158905029,24.6322345733643,8.9988899230957,6.3631706237793,34.514232635498,19.6368274688721,,False,0,14.7623298464154,False,0,False,False,False,False,False
1.72,193.397033691406,17.4176177978516,24.6322345733643,8.9988899230957,6.3631706237793,34.5142364501953,19.6368255615234,,False,0,14.7623298464154,False,0,False,False,False,False,False
1.74,193.397033691406,17.4176177978516,24.6322345733643,8.9988899230957,6.3631706237793,34.5142364501953,19.6368255615234,,False,0,14.7623298464154,False,0,False,False,False,False,False
1.76,193.397033691406,17.4176177978516,24.6322345733643,8.9988899230957,6.3631706237793,34.5142364501953,19.6368255615234,,False,0,14.7623298464154,False,0,False,False,False,False,False
1.78,193.397033691406,17.4176177978516,24.6322345733643,8.9988899230957,6.3631706237793,34.5142364501953,19.6368255615234,,False,0,14.7623298464154,False,0,False,False,False,False,False
1.8,193.397033691406,17.4176177978516,24.6322345733643,8.9988899230957,6.3631706237793,34.5142364501953,19.6368255615234,,False,0,14.7623298464154,False,0,False,False,False,False,False
1.82,193.397033691406,17.4176177978516,24.6322345733643,8.99888610839844,6.36316871643066,34.5142364501953,19.6368274688721,,False,0,14.7623298464154,False,0,False,False,False,False,False
1.84,193.397033691406,17.4176177978516,24.6322345733643,8.99888610839844,6.36316871643066,34.5142364501953,19.6368274688721,,False,0,14.7623307220608,False,0,False,False,False,False,False
1.86,193.397033691406,17.4176177978516,24.6322345733643,8.99888610839844,6.36316871643066,34.5142364501953,19.6368274688721,,False,0,14.7623307220608,False,0,False,False,False,False,False
1.88,193.397033691406,17.4176177978516,24.6322345733643,8.99888610839844,6.36316871643066,34.5142364501953,19.6368274688721,,False,0,14.7623307220608,False,0,False,False,False,False,False
1.9,193.397033691406,17.4176177978516,24.6322345733643,8.99888610839844,6.36316871643066,34.514232635498,19.6368274688721,,False,0,14.7623307220608,False,0,False,False,False,False,False
1.92,193.397033691406,17.4176616668701,24.6861553192139,9.01846122741699,6.36309814453125,34.5143165588379,19.636962890625,,False,0,14.7623307220608,False,-0.025000000372529,False,False,False,False,False
1.94,193.466171264648,17.4177913665771,24.7404308319092,9.03816509246826,6.3630576133728,34.5145530700684,19.637186050415,,False,0,14.7623307220608,False,-0.025000000372529,False,False,False,False,False
1.96,193.535430908203,17.4182949066162,24.8500537872314,9.07796382904053,6.36306715011597,34.5155334472656,19.63791847229,,False,0,14.7623307220608,False,-0.0500000007450581,False,False,False,False,False
1.98,193.674285888672,17.4202976226807,25.0736846923828,9.15915870666504,6.36345100402832,34.5194664001465,19.6405048370361,,False,0,14.7623307220608,False,-0.100000001490116,False,False,False,False,False
2,193.953460693359,17.4875354766846,25.5918521881104,9.91967296600342,6.38517618179321,34.6527633666992,19.7191791534424,,False,0,14.7623307220608,False,-0.824999988079071,False,False,False,False,False
2.02,196.335891723633,17.6345291137695,24.2800693511963,10.8151683807373,6.43623733520508,34.9446563720703,19.8878421783447,,False,0,14.7623307220608,False,-0.775000035762787,False,False,False,False,False
2.04,198.722473144531,17.6726226806641,24.0540084838867,11.0136680603027,6.44964361190796,35.0203247070313,19.9313888549805,,False,0,14.7623307220608,False,-0.150000005960464,False,False,False,False,False
2.06,199.203475952148,17.7139148712158,23.8361721038818,11.2215824127197,6.46421813964844,34.7658805847168,19.9785556793213,,False,0,14.7623307220608,False,-0.150000005960464,False,False,False,False,False
2.08,199.691207885742,17.7211093902588,23.8006439208984,11.2571926116943,6.46676301956177,34.3610305786133,19.9867706298828,,False,0,14.7623307220608,False,-0.025000000372529,False,False,False,False,False
2.1,199.773178100586,17.7068061828613,23.8719158172607,11.1862535476685,6.46170806884766,35.0882301330566,19.9704399108887,,False,0,14.7623307220608,False,0.0500000007450581,False,False,False,False,False
2.12,199.609451293945,17.7068061828613,23.8719158172607,11.1862535476685,6.46170806884766,35.0882301330566,19.9704399108887,,False,0,14.7623307220608,False,0,False,False,False,False,False
2.14,199.609451293945,17.7068061828613,23.8719158172607,11.1862535476685,6.46170806884766,35.0882301330566,19.9704399108887,,False,0,14.7623307220608,False,0,False,False,False,False,False
2.16,199.609451293945,17.7068061828613,23.8719158172607,11.1862535476685,6.46170806884766,35.0882301330566,19.9704399108887,,False,0,14.7623307220608,False,0,False,False,False,False,False
2.18,199.609451293945,17.7068061828613,23.8719158172607,11.1862535476685,6.46170806884766,35.0882301330566,19.9704399108887,,False,0,14.7623307220608,False,0,False,False,False,False,False
2.2,199.609451293945,17.7068061828613,23.8719158172607,11.1862535476685,6.46170806884766,35.0882301330566,19.9704399108887,,False,0,14.7623307220608,False,0,False,False,False,False,False
2.22,199.609451293945,17.7068061828613,23.8719158172607,11.1862535476685,6.46170806884766,35.0882301330566,19.9704399108887,,False,0,14.7623307220608,False,0,False,False,False,False,False
2.24,199.609451293945,17.7283954620361,23.7653350830078,11.2930860519409,6.46933889389038,33.9656372070313,19.9950885772705,,False,0,14.7623307220608,False,-0.0750000029802322,False,False,False,False,False
2.26,199.855331420898,17.8145389556885,23.3910293579102,11.7074012756348,6.49987316131592,30.1576652526855,20.0933647155762,,False,0,14.7623307220608,False,-0.275000005960464,False,False,False,False,False
2.28,200.772216796875,18.5631866455078,21.6381568908691,15.1661338806152,6.76776170730591,18.285852432251,20.945125579834,,False,0,14.7623307220608,False,-1.625,False,False,False,False,False
2.3,206.765045166016,19.0263385772705,21.0865306854248,17.5124607086182,6.93445634841919,15.7090587615967,21.4934711456299,,False,0,14.7623307220608,False,-0.699999988079071,False,False,False,False,False
2.32,209.716110229492,22.3631076812744,19.7747898101807,17.5100154876709,8.14124393463135,10.0985555648804,25.281795501709,,False,0,14.7623307220608,False,-3.02500009536743,False,False,False,False,False
2.34,226.265365600586,21.7966632843018,20.8704357147217,18.4554576873779,14.6956624984741,7.00947284698486,38.2623023986816,,False,0,14.7623307220608,False,-5.125,False,False,False,False,False
2.36,273.962097167969,20.5610961914063,22.3332252502441,19.7199783325195,18.174036026001,6.6088285446167,36.0946159362793,,False,0,14.7623307220608,False,-1.72500002384186,False,False,False,False,False
2.38,291.816162109375,19.6930446624756,26.8250923156738,23.6703662872314,17.3950901031494,6.3270115852356,34.5768356323242,,False,0,14.7623307220608,False,-2.92499995231628,False,False,False,False,False
2.4,315.436279296875,19.7006912231445,9.97608470916748,25.8463821411133,17.3982830047607,6.32927942276001,34.5934371948242,,False,0,14.7623307220608,False,-1,False,False,False,False,False
2.42,321.487670898438,19.707311630249,9.92664432525635,26.0341472625732,17.4038677215576,6.33140563964844,34.6053199768066,,False,0,14.7623307220608,False,-0.0750000029802322,False,False,False,False,False
2.44,321.906646728516,19.7097034454346,9.91181468963623,26.0975933074951,17.4058990478516,6.33217716217041,34.6096076965332,,False,0,14.7623307220608,False,-0.025000000372529,False,False,False,False,False
2.46,322.045318603516,19.7097034454346,9.91181468963623,26.0975933074951,17.4058990478516,6.33217716217041,34.6096076965332,,False,0,14.7623307220608,False,0,False,False,False,False,False
2.48,322.045318603516,19.7097034454346,9.91181468963623,26.0975933074951,17.4058990478516,6.33217716217041,34.6096076965332,,False,0,14.7623307220608,False,0,False,False,False,False,False
2.5,322.045318603516,19.7097034454346,9.91181468963623,26.0975933074951,17.4058990478516,6.33217716217041,34.6096076965332,,False,0,14.7623307220608,False,0,False,False,False,False,False
2.52,322.045318603516,19.7097034454346,9.91181468963623,26.0975933074951,17.4058990478516,6.33217716217041,34.6096076965332,,False,0,14.7623307220608,False,0,False,False,False,False,False
2.54,322.045318603516,19.7097034454346,9.91181468963623,26.0975933074951,17.4058990478516,6.33217716217041,34.6096076965332,,False,0,14.7623307220608,False,0,False,False,False,False,False
2.56,322.045318603516,19.7097034454346,9.91181468963623,26.0975933074951,17.4058990478516,6.33217716217041,34.6096076965332,,False,0,14.7623307220608,False,0,False,False,False,False,False
2.58,322.045318603516,19.7097034454346,9.91181468963623,26.0975933074951,17.4058990478516,6.33217716217041,34.6096076965332,,False,0,14.7623307220608,False,0,False,False,False,False,False
2.6,322.045318603516,19.7097034454346,9.91181468963623,26.0975933074951,17.4058990478516,6.33217716217041,34.6096076965332,,False,0,14.7623307220608,False,0,False,False,False,False,False
2.62,322.045318603516,19.7097034454346,9.91181468963623,26.0975933074951,17.4058990478516,6.33217716217041,34.6096076965332,,False,0,14.7623307220608,False,0,True,False,False,False,False
2.64,322.015411376953,19.6935443878174,9.90817165374756,26.0989685058594,17.4068164825439,6.34833526611328,34.6086921691895,,False,0,14.7582225840382,False,0,True,False,False,False,False
2.66,321.985443115234,19.6851119995117,9.87649536132813,26.2284202575684,17.4119491577148,6.36347007751465,34.6169509887695,,False,0,14.7541177261828,False,-0.0500000007450581,True,False,False,False,False
2.68,322.212036132813,19.7248344421387,9.71149921417236,25.343189239502,17.468111038208,6.40664148330688,34.7263603210449,,False,0,14.7472156492343,False,-0.450000017881393,True,False,False,False,False
2.7,324.537109375,19.7397041320801,9.6703987121582,24.9124336242676,17.5086879730225,6.4485969543457,34.7992706298828,,False,0,14.7347806605648,False,-0.225000008940697,True,False,False,False,False
2.72,325.593780517578,20.0023174285889,9.9873571395874,23.3288536071777,17.7745456695557,6.57852268218994,30.8514270782471,,False,0,14.7191424906125,False,-1.02499997615814,True,False,False,False,False
2.74,330.322235107422,20.1042060852051,10.4581565856934,22.8421955108643,17.9071712493896,6.6628737449646,27.143087387085,,False,0,14.6984688932285,False,-0.349999994039536,True,False,False,False,False
2.76,331.733276367188,20.345817565918,39.1948051452637,22.1169185638428,18.1767463684082,6.80619335174561,22.5437164306641,,False,0,14.6736864876876,False,-0.600000023841858,True,False,False,False,False
2.78,334.070434570313,21.1915645599365,37.0911064147949,20.8873443603516,18.9972896575928,7.15988922119141,16.4154472351074,,False,0,14.6412886599762,False,-1.35000002384186,True,False,False,False,False
2.8,338.917755126953,21.8485717773438,36.1845703125,20.336088180542,19.6458587646484,7.45315170288086,14.3495626449585,,False,0,14.6017357869721,False,-0.775000035762787,True,False,False,False,False
2.82,341.378784179688,23.0040760040283,35.2580871582031,19.7772331237793,20.7797260284424,7.93432140350342,12.2975482940674,,False,0,14.5549324612841,False,-1.07500004768372,True,False,False,False,False
2.84,344.566345214844,23.5498218536377,34.9486122131348,19.5677661895752,21.3808879852295,8.21521949768066,11.6969556808472,,False,0,14.5009821263141,False,-0.450000017881393,True,False,False,False,False
2.86,345.781097412109,23.6925868988037,34.826099395752,19.4609546661377,21.6352729797363,8.36905670166016,11.5904121398926,,False,0,14.4414212168818,False,-0.150000005960464,True,False,False,False,False
2.88,346.121459960938,23.9940414428711,34.6620483398438,19.3302097320557,22.0465240478516,8.58703422546387,11.3614587783813,,False,0,14.3737019416498,False,-0.25,True,False,False,False,False
2.9,346.732818603516,24.067174911499,34.5681571960449,19.2379531860352,22.2592334747314,8.73082733154297,11.3446998596191,,False,0,14.3008345829974,False,-0.100000001490116,True,False,False,False,False
2.92,346.922027587891,24.0163593292236,34.5022621154785,19.1596145629883,22.3667964935303,8.83672046661377,11.4309234619141,,False,0,14.2236501295573,False,-0.025000000372529,True,False,False,False,False
2.94,346.899780273438,23.9163703918457,34.4407081604004,19.079761505127,22.443868637085,8.9367094039917,11.5606441497803,,False,0,14.1422063421753,False,0,True,False,False,False,False
2.96,346.798858642578,23.816370010376,34.3791542053223,18.9998970031738,22.5209484100342,9.03670978546143,11.6903810501099,,False,0,14.0530213020979,False,0,True,False,False,False,False
2.98,346.696380615234,23.7163696289063,34.3175964355469,18.9200344085693,22.5980262756348,9.13671016693115,11.8201169967651,,False,0,13.9639733853112,False,0,True,False,False,False,False
3,346.592315673828,23.6163692474365,34.2560386657715,18.8401718139648,22.675106048584,9.23670959472656,11.9498529434204,,False,0,13.8750746900652,False,0,True,False,False,False,False
3.02,346.486633300781,23.5163688659668,34.1944808959961,18.7603073120117,22.7521858215332,9.33670997619629,12.07958984375,,False,0,13.786328103046,False,0,True,False,False,False,False
3.04,346.379302978516,23.4163684844971,34.1329231262207,18.6804447174072,22.8292636871338,9.43671035766602,12.2093257904053,,False,0,13.6977365807468,False,0,True,False,False,False,False
3.06,346.270294189453,23.3163661956787,34.0713653564453,18.6005821228027,22.906343460083,9.53671073913574,12.3390617370605,,False,0,13.6093031514094,False,0,True,False,False,False,False
3.08,346.159576416016,23.216365814209,34.0098075866699,18.5207176208496,22.9834232330322,9.63671112060547,12.4687976837158,,False,0,13.5210309170248,False,0,True,False,False,False,False
3.1,346.047058105469,23.1163654327393,33.9482460021973,18.4408550262451,23.0605010986328,9.7367115020752,12.5985345840454,,False,0,13.4329230553913,False,0,True,False,False,False,False
3.12,345.932769775391,23.0163631439209,33.8866920471191,18.360990524292,23.137580871582,9.83671188354492,12.7282705307007,,False,0,13.3449828222342,False,0,True,False,False,False,False
3.14,345.816619873047,22.9163646697998,33.8251342773438,18.2811260223389,23.2146606445313,9.93671417236328,12.858006477356,,False,0,13.257213553388,False,0,True,False,False,False,False
3.16,345.698577880859,22.8163623809814,33.7635765075684,18.2012634277344,23.2917404174805,10.0367126464844,12.9877433776855,,False,0,13.1696186670413,False,0,True,False,False,False,False
3.18,345.578582763672,22.7163639068604,33.7020149230957,18.1213989257813,23.3688182830811,10.1367130279541,13.1174783706665,,False,0,13.0822016660491,False,0,True,False,False,False,False
3.2,345.456604003906,22.616361618042,33.6404647827148,18.0415363311768,23.4458980560303,10.2367134094238,13.2472143173218,,False,0,12.9949661403104,False,0,True,False,False,False,False
3.22,345.332611083984,22.5163631439209,33.5789031982422,17.9616718292236,23.5229778289795,10.3367137908936,13.3769512176514,,False,0,12.9079157692167,False,0,True,False,False,False,False
3.24,345.206512451172,22.3786773681641,33.5269927978516,17.8868179321289,23.5603637695313,10.4193229675293,13.5451946258545,,False,0,12.8210543241699,False,0.025000000372529,True,False,False,False,False
3.26,345.005950927734,22.5462436676025,33.4016189575195,17.7737350463867,23.9210891723633,10.6445474624634,13.4092426300049,,False,0,12.7344937031089,False,-0.174999997019768,True,False,False,False,False
3.28,345.380004882813,24.8385429382324,33.1115646362305,17.5814208984375,24.9182395935059,11.8798341751099,11.9028511047363,,False,0,12.6473703126761,False,-1.30000007152557,True,False,False,False,False
3.3,348.832550048828,25.6475639343262,33.0571937561035,17.5214595794678,23.9936084747314,12.4166316986084,11.6014804840088,,False,0,12.5553855559071,False,-0.400000005960464,True,False,False,False,False
3.32,349.78564453125,7.66589832305908,33.0841522216797,17.5094871520996,22.8161544799805,13.2729272842407,11.1600513458252,,False,0,12.4621968563807,False,-0.600000023841858,True,False,False,False,False
3.34,351.233856201172,7.11503648757935,33.2839889526367,17.5957813262939,21.5233669281006,14.6126461029053,10.6654977798462,,False,0,12.3673237070897,False,-0.800000011920929,True,False,False,False,False
3.36,353.146545410156,6.96716117858887,33.3101043701172,17.594446182251,21.1525630950928,15.1206216812134,10.5875778198242,,False,0,12.2705349103161,False,-0.225000008940697,True,False,False,False,False
3.38,353.637420654297,6.83071613311768,33.4832420349121,17.6742305755615,20.5362930297852,16.134162902832,10.3778486251831,,False,0,12.1733166216082,False,-0.450000017881393,True,False,False,False,False
3.4,354.669738769531,6.73421669006348,33.4948234558105,17.6713085174561,20.3035774230957,16.5715484619141,10.3550605773926,,False,0,12.0752875850357,False,-0.150000005960464,True,False,False,False,False
3.42,354.983703613281,6.63702487945557,33.4416618347168,17.6350917816162,20.1865139007568,16.7885074615479,10.3890504837036,,False,0,11.9770389037674,False,-0.0500000007450581,True,False,False,False,False
3.44,355.060363769531,6.5387134552002,33.371452331543,17.5902271270752,20.0976810455322,16.9480762481689,10.4367303848267,,False,0,11.8787375508227,False,-0.025000000372529,True,False,False,False,False
3.46,355.077606201172,6.43871259689331,33.2839241027832,17.5363273620605,20.0361003875732,17.0480785369873,10.49831199646,,False,0,11.7804250947652,False,0,True,False,False,False,False
3.48,355.034942626953,6.33871269226074,33.196403503418,17.4824333190918,19.9745216369629,17.1480731964111,10.559889793396,,False,0,11.6821412777077,False,0,True,False,False,False,False
3.5,354.991546630859,6.23871374130249,33.1088829040527,17.4285335540771,19.9129409790039,17.2480754852295,10.6214714050293,,False,0,11.5838868286155,False,0,True,False,False,False,False
3.52,354.947357177734,6.1387152671814,33.021354675293,17.3746395111084,19.8513622283936,17.3480701446533,10.6830492019653,,False,0,11.485662501176,False,0,True,False,False,False,False
3.54,354.902404785156,6.03871488571167,32.9338302612305,17.3207416534424,19.7897815704346,17.4480724334717,10.7446308135986,,False,0,11.3874690748458,False,0,True,False,False,False,False
3.56,354.856658935547,5.93871641159058,32.8463096618652,17.266845703125,19.7282047271729,17.5480670928955,10.8062076568604,,False,0,11.2893073559505,False,0,True,False,False,False,False
3.58,354.81005859375,5.83871459960938,32.7587890625,17.212947845459,19.6666221618652,17.6480693817139,10.867790222168,,False,0,11.191178178841,False,0,True,False,False,False,False
3.6,354.762634277344,5.73871850967407,32.6712646484375,17.1590518951416,19.6050453186035,17.7480640411377,10.9293670654297,,False,0,11.0930824071092,False,0,True,False,False,False,False
3.62,354.714324951172,5.63871383666992,32.583740234375,17.1051540374756,19.5434627532959,17.8480663299561,10.9669752120972,,False,0,10.9950209348671,False,0,True,False,False,False,False
3.64,354.665100097656,5.54031658172607,32.5130920410156,17.0602645874023,19.4559288024902,18.0117015838623,11.0136499404907,,False,0,10.8969946880925,False,-0.025000000372529,True,False,False,False,False
3.66,354.674987792969,5.46423721313477,32.6032524108887,17.1013565063477,19.1446342468262,18.7825908660889,10.9536905288696,,False,0,10.7989606133154,False,-0.25,True,False,False,False,False
3.68,355.222808837891,5.38572931289673,32.628776550293,17.1104183197021,18.9441375732422,19.3164100646973,10.9287080764771,,False,0,10.7005502061802,False,-0.150000005960464,True,False,False,False,False
3.7,355.534606933594,5.52917098999023,28.3948764801025,17.4785423278809,18.1985893249512,22.3016242980957,10.5776748657227,,False,0,10.6019420170557,False,-0.824999988079071,True,False,False,False,False
3.72,357.4384765625,5.66806316375732,26.1330642700195,17.6503658294678,17.8852100372314,22.5392208099365,10.4662580490112,,False,0,10.502404570101,False,-0.375,True,False,False,False,False
3.74,358.290863037109,33.5296020507813,24.2366161346436,17.8491039276123,17.6027488708496,22.33420753479,10.365795135498,,False,0,10.4026120939593,False,-0.375,True,False,False,False,False
3.76,359.148498535156,32.9668884277344,22.4164638519287,18.1140403747559,17.3226737976074,22.124979019165,10.2593908309937,,False,0,10.3026626371063,False,-0.425000011920929,True,False,False,False,False
3.78,0.129415273666382,32.8164100646973,22.2897281646729,18.1152114868164,17.261022567749,22.1909847259521,10.278751373291,,False,0,10.2026631006958,False,-0.0500000007450581,True,False,False,False,False
3.8,0.247069612145424,32.666862487793,22.1647338867188,18.1171913146973,17.200325012207,22.2573661804199,10.2978105545044,,False,0,10.1026684339885,False,-0.0500000007450581,True,False,False,False,False
3.82,0.365928083658218,32.5668601989746,22.2390022277832,18.0809688568115,17.1658935546875,22.357364654541,10.3322429656982,,False,0,10.0026787598044,False,0,True,False,False,False,False
3.84,0.369623601436615,32.4668617248535,22.3132705688477,18.0447463989258,17.1314601898193,22.4573650360107,10.3666753768921,,False,0,9.90268927757772,False,0,True,False,False,False,False
3.86,0.465912878513336,32.3668632507324,22.3875370025635,18.00852394104,17.0970287322998,22.5573635101318,10.4011077880859,,False,0,9.70898098360802,False,0,True,False,False,False,False
3.88,0.56682151556015,32.2668647766113,22.4618053436279,17.9723014831543,17.0625953674316,22.6573638916016,10.4355401992798,,False,0,9.51560424019655,False,0,True,False,False,False,False
3.9,0.672893702983856,32.1668663024902,22.5360698699951,17.9360790252686,17.0281620025635,22.7573623657227,10.4699726104736,,False,0,9.32264969037873,False,0,True,False,False,False,False
3.92,0.784837484359741,32.0668640136719,22.6103286743164,17.8998565673828,16.9937286376953,22.8573608398438,10.5044050216675,,False,0,9.13024721009859,False,0,True,False,False,False,False
3.94,0.903566777706146,31.9668674468994,22.6845951080322,17.8636341094971,16.9592952728271,22.9573612213135,10.5388374328613,,False,0,8.93857167533337,False,0,True,False,False,False,False
3.96,1.03026080131531,31.8668670654297,22.7588672637939,17.8274097442627,16.924861907959,23.0573596954346,10.5732727050781,,False,0,8.74787559073748,False,0,True,False,False,False,False
3.98,1.16646218299866,31.7668685913086,22.8331317901611,17.7911891937256,16.8904285430908,23.1573600769043,10.607705116272,,False,0,8.55851930599004,False,0,True,False,False,False,False
4,1.31418418884277,31.6668682098389,22.9074058532715,17.7549667358398,16.8559970855713,23.2573585510254,10.6421375274658,,False,0,8.37101879291927,False,0,True,False,False,False,False
4.02,1.47601819038391,31.5668697357178,22.9816703796387,17.7187423706055,16.8215637207031,23.3573570251465,10.6765699386597,,False,0,8.1861223297889,False,0,True,False,False,False,False
4.04,1.65519165992737,31.4668712615967,23.0559349060059,17.6825218200684,16.7871341705322,23.4573574066162,10.7110004425049,,False,0,8.00492634312911,False,0,True,False,False,False,False
4.06,1.85551977157593,31.366870880127,23.1301975250244,17.6463012695313,16.7527027130127,23.5573558807373,10.7454309463501,,False,0,7.82905483292893,False,0,True,False,False,False,False
4.08,2.08084011077881,31.2668724060059,23.2044639587402,17.6100807189941,16.7182731628418,23.6573543548584,10.7798614501953,,False,0,7.66090925967137,False,0,True,False,False,False,False
4.1,2.33351254463196,31.1668720245361,23.2787265777588,17.573860168457,16.6838417053223,23.7573547363281,10.7927026748657,,False,0,7.50403944471399,False,0,True,False,False,False,False
4.12,2.61039018630981,30.9298629760742,22.7428359985352,17.6526947021484,16.5769214630127,23.7525768280029,10.8001670837402,,False,0,7.36351819156301,False,-0.150000005960464,True,False,False,False,False
4.14,3.24715042114258,30.6577911376953,22.0500240325928,17.7778625488281,16.4528408050537,23.7199935913086,10.7717180252075,,False,0,7.24594416870525,False,-0.200000002980232,True,False,False,False,False
4.16,3.95945310592651,30.456262588501,21.6644554138184,17.848575592041,16.3679981231689,23.741174697876,10.7662696838379,,False,0,7.1554332125283,False,-0.125,True,False,False,False,False
4.18,4.34999704360962,30.2217388153076,21.1278877258301,17.967378616333,16.2668018341064,23.735954284668,10.7474384307861,,False,0,7.06888035572041,False,-0.174999997019768,True,False,False,False,False
4.2,4.83923625946045,30.0849380493164,21.019344329834,17.9806747436523,16.2190647125244,23.8069496154785,10.7622289657593,,False,0,7.00188885093126,False,-0.0500000007450581,True,False,False,False,False
4.22,4.9829249382019,29.9849376678467,21.0736103057861,17.94997215271,16.191333770752,23.9069499969482,10.7899599075317,,False,0,6.9772635073735,False,0,True,False,False,False,False
4.24,4.9614200592041,29.8669090270996,21.0465126037598,3.33798432350159,16.1539993286133,23.9925231933594,10.7898731231689,,False,0,6.96161797050741,False,-0.025000000372529,True,False,False,False,False
4.26,4.96935081481934,29.7669105529785,21.1001472473145,3.09959387779236,16.1265029907227,24.0925216674805,10.8173694610596,,False,0,6.94957051776464,False,0,True,False,False,False,False
4.28,4.89888429641724,29.6669101715088,21.1537799835205,2.9079692363739,16.099006652832,24.1925220489502,10.8448657989502,,False,0,6.93920137793488,False,0,True,False,False,False,False
4.3,4.81659412384033,29.5669136047363,21.2074108123779,2.74107694625854,16.0715103149414,24.2925205230713,10.8723621368408,,False,0,6.92972533057172,False,0,True,False,False,False,False
4.32,4.72705125808716,29.4669151306152,21.2610416412354,2.59058237075806,16.0440139770508,24.3925189971924,10.8998575210571,,False,0,6.92077360186155,False,0,True,False,False,False,False
4.34,4.63309144973755,29.3669128417969,21.31467628479,2.45225214958191,16.0165176391602,24.4925193786621,10.9273538589478,,False,0,6.91216142134561,False,0,True,False,False,False,False
4.36,4.53640079498291,29.2669143676758,21.3683090209961,2.32358050346375,15.9890213012695,24.5925178527832,10.9548501968384,,False,0,6.90378398690642,False,0,True,False,False,False,False
4.38,4.43802499771118,29.1669139862061,21.4219436645508,2.2029435634613,15.9615249633789,24.6925163269043,10.982346534729,,False,0,6.8955848338636,False,0,True,False,False,False,False
4.4,4.33858728408813,29.066915512085,21.4755764007568,2.08922719955444,15.9340286254883,24.792516708374,11.0098428726196,,False,0,6.88753275802002,False,0,True,False,False,False,False
4.42,4.23845624923706,28.9669170379639,21.5292110443115,1.98163032531738,15.9065322875977,24.8925151824951,11.0373392105103,,False,0,6.87961027726085,False,0,True,False,False,False,False
4.44,4.13784503936768,28.8669166564941,21.5828437805176,1.87956416606903,15.8790369033813,24.9925155639648,11.0648355484009,,False,0,6.87180180011601,False,0,True,False,False,False,False
4.46,4.03691482543945,28.766918182373,21.6364765167236,1.7825835943222,15.8515300750732,25.0925140380859,11.0923318862915,,False,0,6.86410175254406,False,0,True,False,False,False,False
4.48,3.93572449684143,28.666919708252,21.690113067627,1.69035470485687,15.8240337371826,25.192512512207,11.1198291778564,,False,0,6.85650515637107,False,0,True,False,False,False,False
4.5,3.83432602882385,28.5669193267822,21.743745803833,1.60262310504913,15.7965383529663,25.2925128936768,11.1473255157471,,False,0,6.84901029942428,False,0,True,False,False,False,False
4.52,3.73275637626648,28.4669208526611,21.7973804473877,1.51920187473297,15.7690420150757,25.3925113677979,11.1748218536377,,False,0,6.84161724634258,False,0,True,False,False,False,False
4.54,3.63102030754089,28.3669204711914,21.8510131835938,1.43995797634125,15.7415456771851,25.4925098419189,11.2023181915283,,False,0,6.83432292305815,False,0,True,False,False,False,False
4.56,3.52915239334106,28.2669219970703,21.9046478271484,1.36480498313904,15.7140493392944,25.5925102233887,11.2298145294189,,False,0,6.82712721065018,False,0,True,False,False,False,False
4.58,3.42713260650635,28.1669235229492,21.9582824707031,1.29369854927063,15.6865530014038,25.6925086975098,11.2573108673096,,False,0,6.82003246152627,False,0,True,False,False,False,False
4.6,3.32498216629028,28.0669231414795,22.0119209289551,1.22663521766663,15.6590566635132,25.7925071716309,11.2848072052002,,False,0,6.8130369826493,False,0,True,False,False,False,False
4.62,3.22269916534424,27.9669246673584,22.0655555725098,1.16365015506744,15.6315612792969,25.8925075531006,11.3123035430908,,False,0,6.80614108011473,False,0,True,False,False,False,False
4.64,3.12027311325073,27.8669261932373,22.1191883087158,1.10482227802277,15.6040649414063,25.9925060272217,11.3397989273071,,False,0,6.79934362045884,False,0,True,False,False,False,False
4.66,3.01771545410156,27.7669258117676,22.1728229522705,1.05027413368225,15.5765686035156,26.0925045013428,11.3672952651978,,False,0,6.79264636708271,False,0,True,False,False,False,False
4.68,2.91502785682678,27.6836318969727,22.312370300293,0.999355554580688,15.558310508728,26.2082576751709,11.4017915725708,,False,0,6.78604961667156,False,0.025000000372529,True,False,False,False,False
4.7,2.75324535369873,27.5836315155029,22.3666362762451,0.953628897666931,1.41345036029816,26.3082580566406,11.4295215606689,,False,0,6.77953016656885,False,0,True,False,False,False,False
4.72,2.64948630332947,27.4506130218506,22.2490062713623,0.915023446083069,1.18238925933838,26.3766555786133,11.4432497024536,,False,0,6.77311348132824,False,-0.0500000007450581,True,False,False,False,False
4.74,2.66340708732605,27.3183135986328,22.1327381134033,0.882847905158997,1.03240752220154,26.4455108642578,11.4567251205444,,False,0,6.76684169709472,False,-0.0500000007450581,True,False,False,False,False
4.76,2.67884302139282,27.2024421691895,22.1007804870605,0.856443047523499,0.922303199768066,26.5300979614258,11.4767026901245,,False,0,6.7607136650256,False,-0.025000000372529,True,False,False,False,False
4.78,2.63689231872559,27.0867786407471,22.0687522888184,0.837574422359467,0.835410892963409,26.6147727966309,11.4964952468872,,False,0,6.75470410862622,False,-0.025000000372529,True,False,False,False,False
4.8,2.59562993049622,26.986780166626,22.1192893981934,0.825744330883026,0.766708970069885,26.714771270752,11.5228223800659,,False,0,6.74880947406479,False,0,True,False,False,False,False
4.82,2.49617290496826,26.8867778778076,22.1698265075684,0.823781251907349,0.711193561553955,26.8147716522217,11.5491495132446,,False,0,6.74301080140288,False,0,True,False,False,False,False
4.84,2.39660286903381,26.7867774963379,22.2203598022461,0.834321618080139,0.666962862014771,26.9147720336914,11.5754737854004,,False,0,6.73730654819667,False,0,True,False,False,False,False
4.86,2.29692697525024,26.6867790222168,22.2708969116211,0.861867845058441,0.63275158405304,27.0147724151611,11.6018009185791,,False,0,6.73169759817219,False,0,True,False,False,False,False
4.88,2.19712972640991,26.5867805480957,22.3214359283447,0.915474474430084,0.607713222503662,27.1147708892822,11.6281280517578,,False,0,6.72618289401295,False,0,True,False,False,False,False
4.9,2.09721922874451,26.486780166626,22.3719730377197,1.0203024148941,0.591288089752197,27.214771270752,11.6544551849365,,False,0,6.72076331975146,False,0,True,False,False,False,False
4.92,1.99719560146332,26.3867778778076,22.4225101470947,17.0219116210938,0.583132147789001,27.3147716522217,11.6807813644409,,False,0,6.71543910570628,False,0,True,False,False,False,False
4.94,1.89705944061279,26.2867794036865,22.4730472564697,16.9924411773682,0.583082675933838,27.4147720336914,11.7071084976196,,False,0,6.71021047886804,False,0,True,False,False,False,False
4.96,1.79681169986725,26.1867828369141,22.5235786437988,16.9629669189453,0.591138482093811,27.5147705078125,11.733437538147,,False,0,6.70507766285375,False,0,True,False,False,False,False
4.98,1.69645273685455,26.0867805480957,22.5741157531738,16.9334964752197,0.607460618019104,27.6147708892822,11.7597646713257,,False,0,6.70004087786177,False,0,True,False,False,False,False
5,1.59598314762115,25.9867782592773,22.6246528625488,16.9040222167969,0.632390141487122,27.714771270752,11.7860908508301,,False,0,6.69510034062717,False,0,True,False,False,False,False
5.02,1.49540233612061,25.8867797851563,22.6751899719238,16.8745498657227,0.666484355926514,27.8147716522217,11.8124179840088,,False,0,6.69025626437745,False,0,True,False,False,False,False
5.04,1.3947114944458,25.7867832183838,22.7257270812988,16.8450775146484,0.7105872631073,27.9147701263428,11.8387451171875,,False,0,6.68550885878899,False,0,True,False,False,False,False
5.06,1.29390931129456,25.6867809295654,22.7762641906738,16.8156051635742,0.765952706336975,28.0147705078125,11.8650722503662,,False,0,6.68085832994378,False,0,True,False,False,False,False
5.08,1.19299936294556,25.5867786407471,22.8268013000488,16.7861328125,0.834476590156555,28.1147708892822,11.8913984298706,,False,0,6.67630488028676,False,0,True,False,False,False,False
5.1,1.09198081493378,25.486780166626,22.8773384094238,16.7566604614258,0.919152855873108,28.214771270752,11.9177255630493,,False,0,6.67184870858378,False,0,True,False,False,False,False
5.12,0.990853726863861,25.3867835998535,22.9278755187988,16.7271881103516,1.02512145042419,28.314769744873,11.944052696228,,False,0,6.66749000988003,False,0,True,False,False,False,False
5.14,0.889618694782257,25.2867813110352,22.9784164428711,16.6977138519287,1.16258549690247,28.4147701263428,11.9703817367554,,False,0,6.66322897545909,False,0,True,False,False,False,False
5.16,0.788268208503723,25.1867809295654,23.0289497375488,16.6682415008545,1.3588535785675,28.5147705078125,11.9967060089111,,False,0,6.65906525236647,False,0,True,False,False,False,False
5.18,0.686818778514862,25.0867805480957,23.0794868469238,16.6387691497803,14.8418493270874,28.6147708892822,12.0230331420898,,False,0,6.65500011214118,False,0,True,False,False,False,False
5.2,0.585262775421143,24.986780166626,23.1300315856934,16.6092967987061,14.815523147583,28.7147693634033,12.0493640899658,,False,0,6.651033187096,False,0,True,False,False,False,False
5.22,0.483600676059723,24.8867816925049,23.1805686950684,16.5798244476318,14.7891960144043,28.814769744873,12.0756912231445,,False,0,6.64716465307083,False,0,True,False,False,False,False
5.24,0.381832957267761,24.7867813110352,23.2311058044434,16.5503520965576,14.7628688812256,28.9147701263428,12.1020174026489,,False,0,6.64339468194874,False,0,True,False,False,False,False
5.26,0.279960155487061,24.6867809295654,23.2816429138184,16.5208797454834,14.7365427017212,29.0147705078125,12.1283445358276,,False,0,6.63972344161893,False,0,True,False,False,False,False
5.28,0.177982285618782,24.5867805480957,23.332181930542,16.4914073944092,14.7102155685425,29.1147689819336,12.1546716690063,,False,0,6.63615109594045,False,0,True,False,False,False,False
5.3,0.0759007483720779,24.4867820739746,23.382719039917,16.461935043335,14.6838884353638,29.2147693634033,12.1809978485107,,False,0,6.63267780470664,False,0,True,False,False,False,False
5.32,359.973724365234,24.3867816925049,23.433256149292,16.4324626922607,14.6575613021851,29.314769744873,12.2073249816895,,False,0,6.62930372361027,False,0,True,False,False,False,False
5.34,359.871429443359,24.2867813110352,23.483793258667,16.4029903411865,14.6312351226807,29.4147701263428,12.2336521148682,,False,0,6.62602900420959,False,0,True,False,False,False,False
5.36,359.76904296875,24.1867809295654,23.534330368042,16.3735179901123,14.604907989502,29.5147686004639,12.2599792480469,,False,0,6.62285379389497,False,0,True,False,False,False,False
5.38,359.666534423828,24.0867824554443,23.584867477417,16.3440456390381,14.5785808563232,29.6147689819336,12.2863054275513,,False,0,6.61977823585653,False,0,True,False,False,False,False
5.4,359.563934326172,23.9867820739746,23.635404586792,16.3145732879639,14.5522546768188,29.7147693634033,12.31263256073,,False,0,6.61680246905251,False,0,True,False,False,False,False
5.42,359.461242675781,23.8867816925049,23.685941696167,16.2851009368896,14.5259275436401,29.814769744873,12.338960647583,,False,0,6.61392662817842,False,0,True,False,False,False,False
5.44,359.358459472656,23.7867813110352,23.736478805542,16.2556266784668,14.4996004104614,29.9147682189941,12.365288734436,,False,0,6.61115084363716,False,0,True,False,False,False,False
5.46,359.255554199219,23.673210144043,23.698169708252,16.2470092773438,14.4651288986206,29.9976406097412,12.3844013214111,,False,0,6.60847524150993,False,-0.025000000372529,True,False,False,False,False
5.48,359.211090087891,23.5598239898682,23.6598339080811,16.2386951446533,14.4309873580933,30.0806179046631,12.4033298492432,,False,0,6.60589291464701,False,-0.025000000372529,True,False,False,False,False
5.5,359.167388916016,23.3950710296631,23.2782039642334,16.3161964416504,14.3661212921143,30.0976505279541,12.3942966461182,,False,0,6.6034014643552,False,-0.125,True,False,False,False,False
5.52,359.358612060547,23.2100315093994,22.7501354217529,16.4427833557129,14.3110704421997,30.087854385376,12.3728332519531,,False,0,6.60097562059604,False,-0.174999997019768,True,False,False,False,False
5.54,359.671051025391,23.0869426727295,22.6342544555664,16.4616088867188,14.2740106582642,30.1578159332275,12.3832931518555,,False,0,6.59860780163642,False,-0.0500000007450581,True,False,False,False,False
5.56,359.697021484375,22.9424133300781,22.3661479949951,16.5277576446533,14.2243709564209,30.1994361877441,12.3814105987549,,False,0,6.59631265549598,False,-0.100000001490116,True,False,False,False,False
5.58,359.841674804688,22.8316268920898,22.3294448852539,16.525915145874,14.1961011886597,30.2851867675781,12.3971462249756,,False,0,6.59408358194558,False,-0.025000000372529,True,False,False,False,False
5.6,359.814300537109,22.7105045318604,22.2178783416748,16.5480403900146,14.1617431640625,30.3570690155029,12.4068517684937,,False,0,6.59192276522289,False,-0.0500000007450581,True,False,False,False,False
5.62,359.846221923828,22.6105041503906,22.2555313110352,16.5234699249268,14.1407165527344,30.4570693969727,12.4278783798218,,False,0,6.58982604927734,False,0,True,False,False,False,False
5.64,359.762847900391,22.5105037689209,22.2931861877441,16.4989013671875,14.1196899414063,30.5570697784424,12.4489049911499,,False,0,6.58779494667166,False,0,True,False,False,False,False
5.66,359.679443359375,22.4105052947998,22.3308391571045,16.4743309020996,14.0986633300781,30.6570682525635,12.469931602478,,False,0,6.58582951811231,False,0,True,False,False,False,False
5.68,359.595977783203,22.3105030059814,22.3684921264648,16.4497623443604,14.0776376724243,30.7570705413818,12.4909582138062,,False,0,6.58392982241416,False,0,True,False,False,False,False
5.7,359.512451171875,22.3105030059814,22.3684921264648,16.4497623443604,14.0776376724243,30.7570705413818,12.4909582138062,,False,0,6.58209778994781,False,0,True,False,False,False,False
5.72,359.428894042969,22.1105060577393,22.4437999725342,16.4006233215332,14.0355844497681,30.957067489624,12.5330104827881,,False,0,6.58033160450943,False,0,True,False,False,False,False
5.74,359.345275878906,22.0105113983154,22.4814529418945,16.3760528564453,14.0145578384399,31.0570621490479,12.5540370941162,,False,0,6.57863131913345,False,0,True,False,False,False,False
5.76,359.261596679688,21.9105091094971,22.5191078186035,16.3514842987061,13.9935312271118,31.1570644378662,12.5750637054443,,False,0,6.57699698492934,False,0,True,False,False,False,False
5.78,359.177856445313,21.7809295654297,22.3325176239014,16.3977642059326,13.9540014266968,31.2148380279541,12.5786466598511,,False,0,6.57542865107391,False,-0.0750000029802322,True,False,False,False,False
5.8,359.269653320313,21.6618633270264,22.221887588501,16.4217510223389,13.9216957092285,31.287410736084,12.5876722335815,,False,0,6.57390516996346,False,-0.0500000007450581,True,False,False,False,False
5.82,359.305541992188,21.5433254241943,22.1123466491699,16.446704864502,13.8901462554932,31.3605327606201,12.5964841842651,,False,0,6.57242951660507,False,-0.0500000007450581,True,False,False,False,False
5.84,359.343139648438,21.3657207489014,21.5220413208008,16.6488018035889,13.8218221664429,31.3471260070801,12.5691766738892,,False,0,6.57100156168923,False,-0.225000008940697,True,False,False,False,False
5.86,359.791931152344,21.2419166564941,21.3529567718506,16.7055854797363,13.7893962860107,31.4120674133301,12.5721302032471,,False,0,6.56959622497887,False,-0.0750000029802322,True,False,False,False,False
5.88,359.897583007813,21.0974082946777,20.9965133666992,16.8450012207031,13.744532585144,31.4459800720215,12.5616254806519,,False,0,6.5682315331504,False,-0.150000005960464,True,False,False,False,False
5.9,0.181300088763237,20.9903926849365,20.9597034454346,16.8533000946045,13.7246999740601,31.5354862213135,12.5726928710938,,False,0,6.56691138079646,False,-0.025000000372529,True,False,False,False,False
5.92,0.177809730172157,20.8903923034668,20.9849891662598,16.8346748352051,13.7095327377319,31.6354866027832,12.5878601074219,,False,0,6.56562754083498,False,0,True,False,False,False,False
5.94,0.116681858897209,20.7903919219971,21.0102729797363,16.8160514831543,13.6943655014038,31.7354869842529,12.60302734375,,False,0,6.56437886505882,False,0,True,False,False,False,False
5.96,0.0555325299501419,20.690393447876,21.0355587005615,16.7974262237549,13.6791982650757,31.8354873657227,12.6181945800781,,False,0,6.56316537353852,False,0,True,False,False,False,False
5.98,-0.00563862593844533,20.5903930664063,21.0608425140381,16.7788028717041,13.6640310287476,31.9354858398438,12.6333618164063,,False,0,6.56198708579367,False,0,True,False,False,False,False
6,359.933166503906,20.4903926849365,21.0861282348633,16.7601776123047,13.6488637924194,32.0354881286621,12.6485290527344,,False,0,6.56084402079145,False,0,True,False,False,False,False
6.02,359.871948242188,20.3903903961182,21.1114120483398,16.7415523529053,13.6336975097656,32.1354866027832,12.6636972427368,,False,0,6.55973619694502,False,0,True,False,False,False,False
6.04,359.810729980469,20.2903900146484,21.136697769165,16.7229290008545,13.6185302734375,32.2354888916016,12.6788635253906,,False,0,6.55866363211212,False,0,True,False,False,False,False
6.06,359.749450683594,20.1903896331787,21.1619815826416,16.7043037414551,13.6033630371094,32.3354873657227,12.6940326690674,,False,0,6.55762634359368,False,0,True,False,False,False,False
6.08,359.688171386719,20.090389251709,21.1872673034668,16.685676574707,13.5881958007813,32.435489654541,12.7091989517212,,False,0,6.55662434813226,False,0,True,False,False,False,False
6.1,359.626892089844,19.9903888702393,21.2125511169434,16.6670513153076,13.5730285644531,32.5354919433594,12.724365234375,,False,0,6.55565766191096,False,0,True,False,False,False,False
6.12,359.565551757813,19.8903884887695,21.2378368377686,16.6484260559082,13.557861328125,32.6354904174805,12.7395324707031,,False,0,6.55472630055191,False,0,True,False,False,False,False
6.14,359.504211425781,19.7903919219971,21.2631282806396,16.6298007965088,13.5426902770996,32.7354888916016,12.7546997070313,,False,0,6.55383027911509,False,0,True,False,False,False,False
6.16,359.44287109375,19.6712379455566,21.1007137298584,16.6924953460693,13.5147933959961,32.8036727905273,12.7570762634277,,False,0,6.55296961209714,False,-0.0750000029802322,True,False,False,False,False
6.18,359.557006835938,19.5650825500488,21.0629863739014,16.7020015716553,13.496190071106,32.8933601379395,12.7674350738525,,False,0,6.55213147712096,False,-0.025000000372529,True,False,False,False,False
6.2,359.556732177734,19.4650859832764,21.086540222168,16.6843318939209,13.4819135665894,32.9933547973633,12.7817125320435,,False,0,6.55132259136134,False,0,True,False,False,False,False
6.22,359.498840332031,19.3590850830078,21.0487098693848,16.6941871643066,13.4636058807373,33.0831489562988,12.7919044494629,,False,0,6.55054516586826,False,-0.025000000372529,True,False,False,False,False
6.24,359.499450683594,19.2590885162354,21.0718326568604,16.6767616271973,13.4495534896851,33.1831436157227,12.8059568405151,,False,0,6.5497950880314,False,0,True,False,False,False,False
6.26,359.442443847656,19.159086227417,21.0949573516846,16.6593360900879,13.4355001449585,33.283145904541,12.8200101852417,,False,0,6.54907553709705,False,0,True,False,False,False,False
6.28,359.385375976563,19.0590915679932,21.1180801391602,16.6419124603271,13.4214477539063,33.3831405639648,12.8340625762939,,False,0,6.54838652312829,False,0,True,False,False,False,False
6.3,359.328308105469,18.9590892791748,21.1412029266357,16.6244869232178,13.4073944091797,33.4831428527832,12.8481149673462,,False,0,6.5477280557653,False,0,True,False,False,False,False
6.32,359.271240234375,18.8590927124023,21.16432762146,16.607063293457,13.3933420181274,33.583137512207,12.8621683120728,,False,0,6.54710014422464,False,0,True,False,False,False,False
6.34,359.214111328125,18.759090423584,21.1874504089355,16.5896377563477,13.3792896270752,33.6831398010254,12.876220703125,,False,0,6.54650279729865,False,0,True,False,False,False,False
6.36,359.157012939453,18.6590957641602,21.2105731964111,16.5722141265869,13.3652362823486,33.7831382751465,12.8902740478516,,False,0,6.54593602335482,False,0,True,False,False,False,False
6.38,359.099884033203,18.5590934753418,21.2336978912354,16.5547885894775,13.3511838912964,33.8831405639648,12.9043273925781,,False,0,6.5453998303352,False,0,True,False,False,False,False
6.4,359.042724609375,18.4590969085693,21.2568206787109,16.5373630523682,13.3371305465698,33.9831352233887,12.9183797836304,,False,0,6.54489422575585,False,0,True,False,False,False,False
6.42,358.985565185547,18.359094619751,21.2799434661865,16.5199394226074,13.3230781555176,34.083137512207,12.9324331283569,,False,0,6.54441921670632,False,0,True,False,False,False,False
6.44,358.928375244141,18.2590999603271,21.3030681610107,16.502513885498,13.3090333938599,34.1831321716309,12.9464855194092,,False,0,6.54397480984915,False,0,True,False,False,False,False
6.46,358.871185302734,18.1427555084229,21.1423530578613,16.56764793396,13.283447265625,34.2524032592773,12.9485054016113,,False,0,6.5435610114194,False,-0.0750000029802322,True,False,False,False,False
6.48,358.989715576172,18.0323657989502,21.0437717437744,16.6067924499512,13.2627058029175,34.332706451416,12.9541816711426,,False,0,6.54314806378537,False,-0.0500000007450581,True,False,False,False,False
6.5,359.05224609375,17.922384262085,20.945987701416,16.6470699310303,13.2426786422729,7.83858394622803,12.959659576416,,False,0,6.54274594503288,False,-0.0500000007450581,True,False,False,False,False
6.52,359.116577148438,17.8175601959229,20.9073886871338,16.6598281860352,13.2267322540283,7.8593602180481,12.9685258865356,,False,0,6.54235620203795,False,-0.025000000372529,True,False,False,False,False
6.54,359.124084472656,17.708215713501,20.8107261657715,16.7017936706543,13.2077722549438,7.84713363647461,12.9737091064453,,False,0,6.54198322796996,False,-0.0500000007450581,True,False,False,False,False
6.56,359.191009521484,17.6036987304688,20.7720603942871,16.7157859802246,13.1926937103271,7.90238189697266,12.9820890426636,,False,0,6.54161846176265,False,-0.025000000372529,True,False,False,False,False
6.58,359.201141357422,17.4992961883545,20.7333679199219,16.7301731109619,13.1779003143311,7.96207523345947,12.9903154373169,,False,0,6.54127136122307,False,-0.025000000372529,True,False,False,False,False
6.6,359.212158203125,17.3992958068848,20.7515544891357,16.7157077789307,13.1665048599243,8.06208324432373,13.0017108917236,,False,0,6.54093663082456,False,0,True,False,False,False,False
6.62,359.16552734375,17.299295425415,20.7697429656982,16.7012405395508,13.1551103591919,8.16207599639893,13.0131053924561,,False,0,6.54062227799414,False,0,True,False,False,False,False
6.64,359.118865966797,17.1992950439453,20.7879295349121,16.6867733001709,13.1437149047852,8.26207637786865,13.0245018005371,,False,0,6.54032830567002,False,0,True,False,False,False,False
6.66,359.072204589844,17.0992946624756,20.8061180114746,16.6723041534424,13.1323184967041,8.36207008361816,13.0358963012695,,False,0,6.54005471660056,False,0,True,False,False,False,False
6.68,359.025512695313,16.9992942810059,20.8243045806885,16.6578369140625,13.1209230422974,8.46207046508789,13.0472917556763,,False,0,6.5398015133439,False,0,True,False,False,False,False
6.7,358.978851318359,16.8992938995361,20.842493057251,16.6433715820313,13.1095275878906,8.56206321716309,13.058687210083,,False,0,6.53956869826797,False,0,True,False,False,False,False
6.72,358.932159423828,16.7992935180664,20.8606796264648,16.6289043426514,13.0981330871582,8.66205787658691,13.0700826644897,,False,0,6.53935627355037,False,0,True,False,False,False,False
6.74,358.885467529297,16.6992931365967,20.8788681030273,16.6144371032715,13.0867376327515,8.76205062866211,13.0814771652222,,False,0,6.53916424117821,False,0,True,False,False,False,False
6.76,358.838745117188,16.599292755127,20.8970546722412,16.5999698638916,13.0753402709961,8.86205101013184,13.0928726196289,,False,0,6.53899260294812,False,0,True,False,False,False,False
6.78,358.792053222656,16.4873199462891,20.7443542480469,16.6731739044189,13.0548934936523,8.85031223297119,13.0943813323975,,False,0,6.53884136046609,False,-0.0750000029802322,True,False,False,False,False
6.8,358.921081542969,16.3797855377197,20.6493721008301,16.7187747955322,13.0384464263916,8.88913631439209,13.0988397598267,,False,0,6.53868122369049,False,-0.0500000007450581,True,False,False,False,False
6.82,358.994171142578,16.2657623291016,20.4461803436279,16.8263378143311,13.0174913406372,8.88741874694824,13.0973348617554,,False,0,6.53852155344435,False,-0.100000001490116,True,False,False,False,False
6.84,359.186065673828,16.1443881988525,20.0912132263184,17.0327339172363,12.9918613433838,8.85371112823486,13.0885353088379,,False,0,6.53834930700003,False,-0.174999997019768,True,False,False,False,False
6.86,359.556976318359,16.039026260376,20.0009021759033,17.0865993499756,12.9799194335938,8.92282676696777,13.0917720794678,,False,0,6.5381516309222,False,-0.0500000007450581,True,False,False,False,False
6.88,359.641418457031,15.9339962005615,19.9112071990967,17.1417789459229,12.9686737060547,8.99444484710693,13.0948143005371,,False,0,6.53795975193281,False,-0.0500000007450581,True,False,False,False,False
6.9,359.727630615234,15.8339948654175,19.9218406677246,17.1325340270996,12.9616804122925,9.09444332122803,13.1018085479736,,False,0,6.53776833780973,False,0,True,False,False,False,False
6.92,359.698577880859,15.7316303253174,19.8824291229248,17.1560382843018,12.9528684616089,9.18091297149658,13.1067037582397,,False,0,6.53758482760416,False,-0.025000000372529,True,False,False,False,False
6.94,359.72802734375,15.6293535232544,19.8429679870605,17.1800079345703,12.9443464279175,9.2678804397583,13.111439704895,,False,0,6.53741025269892,False,-0.025000000372529,True,False,False,False,False
6.96,359.758361816406,15.5271625518799,19.8034629821777,17.2044467926025,12.9361095428467,9.35534381866455,13.1160135269165,,False,0,6.53724010851405,False,-0.025000000372529,True,False,False,False,False
6.98,359.789611816406,15.4271621704102,19.8130264282227,17.19602394104,12.9297752380371,9.45534133911133,13.1223468780518,,False,0,6.53707393098721,False,0,True,False,False,False,False
7,359.763214111328,15.3230657577515,19.7246704101563,17.2544288635254,12.9202575683594,9.53158092498779,13.1249151229858,,False,0,6.53691427987352,False,-0.0500000007450581,True,False,False,False,False
7.02,359.853820800781,15.2211427688599,19.6850547790527,17.2802715301514,12.9128608703613,9.62047100067139,13.1290235519409,,False,0,6.53675767432628,False,-0.025000000372529,True,False,False,False,False
7.04,359.887664794922,15.1193027496338,19.6453952789307,17.3065929412842,12.9057474136353,9.70983123779297,13.1329708099365,,False,0,6.53660672620089,False,-0.025000000372529,True,False,False,False,False
7.06,359.922424316406,15.0175476074219,19.6056995391846,17.3333873748779,12.8989171981812,9.79964447021484,13.1367635726929,,False,0,6.53646084840163,False,-0.025000000372529,True,False,False,False,False
7.08,359.958038330078,14.9158792495728,19.5659656524658,17.3606643676758,12.8923625946045,9.88991451263428,13.1404027938843,,False,0,6.5363194755276,False,-0.025000000372529,True,False,False,False,False
7.1,-0.0054600453004241,14.8158769607544,19.5734443664551,17.3539009094238,12.88733959198,9.98991680145264,13.1454248428345,,False,0,6.53618206387934,False,0,True,False,False,False,False
7.12,359.973419189453,14.7158823013306,19.5809230804443,17.3471374511719,12.8823165893555,10.0899019241333,13.1504487991333,,False,0,6.53604883051434,False,0,True,False,False,False,False
7.14,359.952301025391,14.6143140792847,19.541109085083,17.3748760223389,12.8760480880737,10.1804599761963,13.1539278030396,,False,0,6.53591977568814,False,-0.025000000372529,True,False,False,False,False
7.16,359.989685058594,14.5128240585327,19.5012531280518,17.4031009674072,12.8700590133667,10.2714796066284,13.1572513580322,,False,0,6.53579381239494,False,-0.025000000372529,True,False,False,False,False
7.18,0.0279425177723169,14.411416053772,19.4613628387451,17.4318180084229,12.8643503189087,10.3630056381226,13.160418510437,,False,0,6.5356704403035,False,-0.025000000372529,True,False,False,False,False
7.2,0.0670919045805931,14.3088254928589,19.3753509521484,17.4963798522949,12.8579216003418,10.4475288391113,13.1621379852295,,False,0,6.53555316751197,False,-0.0500000007450581,True,False,False,False,False
7.22,0.165613695979118,14.2065258026123,19.2898788452148,17.5623970031738,12.8521747589111,10.5340919494629,13.163670539856,,False,0,6.53543981950518,False,-0.0500000007450581,True,False,False,False,False
7.24,0.265896916389465,14.1054859161377,19.2498092651367,17.5936431884766,12.8478679656982,10.6281137466431,13.1660585403442,,False,0,6.53533338117627,False,-0.025000000372529,True,False,False,False,False
7.26,0.309444844722748,14.0045166015625,19.2097091674805,17.6253910064697,12.8438358306885,10.7226047515869,13.1682949066162,,False,0,6.53523107164322,False,-0.025000000372529,True,False,False,False,False
7.28,0.353872865438461,13.9045171737671,19.0809574127197,17.6212005615234,12.8407821655273,10.8226070404053,13.171347618103,,False,0,6.53513254327057,False,0,True,False,False,False,False
7.3,0.340680301189423,13.804518699646,18.9437294006348,17.617000579834,12.8377208709717,10.9226064682007,13.174409866333,,False,0,6.53503564535592,False,0,True,False,False,False,False
7.32,0.327487826347351,13.7045192718506,18.8065013885498,17.6128120422363,12.8346681594849,11.022590637207,13.1774625778198,,False,0,6.53494037797179,False,0,True,False,False,False,False
7.34,0.314294993877411,13.6045198440552,18.6692733764648,17.6086101531982,12.8316068649292,11.122597694397,13.1805229187012,,False,0,6.5348467411895,False,0,True,False,False,False,False
7.36,0.30110165476799,13.5045204162598,18.5320453643799,17.6044216156006,12.8285541534424,11.2226076126099,13.1835765838623,,False,0,6.53475473507914,False,0,True,False,False,False,False
7.38,0.287908345460892,13.40452003479,18.3948192596436,17.6002216339111,12.8254928588867,11.322603225708,13.1866369247437,,False,0,6.53466435970959,False,0,True,False,False,False,False
7.4,0.274714469909668,13.3045215606689,18.2575912475586,17.5960311889648,12.8224401473999,11.4226016998291,13.1896905899048,,False,0,6.5345756151485,False,0,True,False,False,False,False
7.42,0.261520683765411,13.2045221328735,18.1203632354736,17.5918312072754,12.8193788528442,11.5226011276245,13.1927509307861,,False,0,6.53448850146233,False,0,True,False,False,False,False
7.44,0.248326390981674,13.1045227050781,17.9831352233887,17.5876407623291,12.8163261413574,11.6225996017456,13.1958036422729,,False,0,6.5344030187163,False,0,True,False,False,False,False
7.46,0.235132113099098,13.0045232772827,17.8459072113037,17.5834407806396,12.8132648468018,11.7225942611694,13.1988658905029,,False,0,6.53431916697441,False,0,True,False,False,False,False
7.48,0.221937283873558,12.9045238494873,17.7086811065674,17.5792503356934,12.8102121353149,11.8225927352905,13.2019176483154,,False,0,6.53423694629946,False,0,True,False,False,False,False
7.5,0.208742469549179,12.8045244216919,17.5714530944824,17.5750503540039,12.8071508407593,11.9225912094116,13.2049798965454,,False,0,6.53415635675303,False,0,True,False,False,False,False
7.52,0.195547297596931,12.7045249938965,17.4342250823975,17.5708599090576,12.8040981292725,12.0226011276245,13.2080316543579,,False,0,6.53407739839545,False,0,True,False,False,False,False
7.54,0.182351931929588,12.6045255661011,17.2969970703125,17.5666599273682,12.8010377883911,12.1225891113281,13.2110939025879,,False,0,6.53400007128588,False,0,True,False,False,False,False
7.56,0.169156312942505,12.5045261383057,17.1597709655762,17.5624713897705,12.79798412323,12.2225904464722,13.2141466140747,,False,0,6.53392437548222,False,0,True,False,False,False,False
7.58,0.155960455536842,12.4037294387817,17.0575904846191,17.5946102142334,12.7942380905151,12.3169136047363,13.2162199020386,,False,0,6.53385031104119,False,-0.025000000372529,True,False,False,False,False
7.6,0.201273858547211,12.3011569976807,17.0613956451416,17.7383632659912,12.7892503738403,12.4007453918457,13.2157602310181,,False,0,6.53377820954323,False,-0.100000001490116,True,False,False,False,False
7.62,0.422964990139008,12.1990776062012,17.1398983001709,17.3657855987549,12.7858877182007,12.4961719512939,13.2146673202515,,False,0,6.53371940730601,False,-0.150000005960464,True,False,False,False,False
7.64,0.765284061431885,12.0988340377808,17.1103134155273,17.1103591918945,12.7853584289551,12.6028051376343,13.2146396636963,,False,0,6.533688599772,False,-0.0750000029802322,True,False,False,False,False
7.66,0.937416136264801,11.9988355636597,16.9688930511475,16.9689388275146,12.7853574752808,12.7028017044067,13.2146396636963,,False,0,6.53368115264171,False,0,True,False,False,False,False
7.68,0.936567842960358,11.8988370895386,16.8274745941162,16.8275203704834,12.7853574752808,12.8028011322021,13.2146396636963,,False,0,6.53367371224027,False,0,True,False,False,False,False
7.7,0.935719609260559,11.7988386154175,16.686056137085,16.6861000061035,12.7853574752808,12.9027996063232,13.2146396636963,,False,0,6.5336662785677,False,0,True,False,False,False,False
7.72,0.934871256351471,11.6988401412964,16.5446357727051,16.5446815490723,12.7853574752808,13.00279712677,13.2146396636963,,False,0,6.53365885162401,False,0,True,False,False,False,False
7.74,0.934022963047028,11.5988416671753,16.4032173156738,16.4032611846924,12.7853565216064,13.1027965545654,13.2146396636963,,False,0,6.53365143140926,False,0,True,False,False,False,False
7.76,0.93317449092865,11.4988441467285,16.2617988586426,16.2618427276611,12.7853565216064,13.2027959823608,13.2146406173706,,False,0,6.5336440179234,False,0,True,False,False,False,False
7.78,0.93232649564743,11.3988456726074,16.1203784942627,16.1204223632813,12.7853565216064,13.3027925491333,13.2146406173706,,False,0,6.53363661116653,False,0,True,False,False,False,False
7.8,0.931477844715118,11.2988471984863,15.9789600372314,15.9790029525757,12.7853565216064,13.402792930603,13.2146425247192,,False,0,6.53362921113863,False,0,True,False,False,False,False
7.82,0.930629849433899,11.1988487243652,15.8375415802002,15.8375844955444,12.7853565216064,13.5027914047241,13.2146425247192,,False,0,6.53362181783976,False,0,True,False,False,False,False
7.84,0.929781496524811,11.0988502502441,15.6961221694946,15.6961650848389,12.7853565216064,13.6027889251709,13.2146425247192,,False,0,6.53361443126991,False,0,True,False,False,False,False
7.86,0.928932964801788,10.998851776123,15.5547027587891,15.5547456741333,12.7853565216064,13.7027893066406,13.2146425247192,,False,0,6.53360705142912,False,0,True,False,False,False,False
7.88,0.9280846118927,10.898853302002,15.4132843017578,15.4133262634277,12.7853565216064,13.8027868270874,13.2146425247192,,False,0,6.53359967831738,False,0,True,False,False,False,False
7.9,0.927236497402191,10.7988538742065,15.2718648910522,15.2719068527222,12.7853565216064,13.9027833938599,13.2146425247192,,False,0,6.53359231193471,False,0,True,False,False,False,False
7.92,0.926387965679169,10.6988554000854,15.130446434021,15.1304874420166,12.7853565216064,14.0027828216553,13.2146425247192,,False,0,6.53358495228121,False,0,True,False,False,False,False
7.94,0.92553973197937,10.5988569259644,14.9890270233154,14.989068031311,12.7853565216064,14.1027803421021,13.2146425247192,,False,0,6.53357759935685,False,0,True,False,False,False,False
7.96,0.924691498279572,10.4988584518433,14.8476076126099,14.8476486206055,12.7853565216064,14.2027788162231,13.2146425247192,,False,0,6.53357025316165,False,0,True,False,False,False,False
7.98,0.923843264579773,10.3988599777222,14.7061891555786,14.7062292098999,12.7853565216064,14.3027801513672,13.2146425247192,,False,0,6.53356291369566,False,0,True,False,False,False,False
8,0.92299485206604,10.2988615036011,14.564769744873,14.5648097991943,12.7853565216064,14.4027767181396,13.2146425247192,,False,0,6.53355558095885,False,0,True,False,False,False,False
8.02,0.922146499156952,10.19886302948,14.4233503341675,14.4233903884888,12.7853565216064,14.5027742385864,13.2146425247192,,False,0,6.53354825495127,False,0,True,False,False,False,False
8.04,0.921298205852509,10.0988645553589,14.2819318771362,14.2819709777832,12.7853565216064,14.6027736663818,13.2146425247192,,False,0,6.53354093567296,False,0,True,False,False,False,False
8.059999,0.92044997215271,9.99886608123779,14.1405124664307,14.1405515670776,12.7853517532349,14.7027721405029,13.2146415710449,,False,0,6.53353362312393,False,0,True,False,False,False,False
8.08,0.919601440429688,9.8988676071167,13.9990930557251,13.9991321563721,12.7853517532349,14.8027687072754,13.2146415710449,,False,0,6.53352631730419,False,0,True,False,False,False,False
8.099999,0.918753087520599,9.79886913299561,13.8576745986938,13.8577127456665,12.7853517532349,14.9027709960938,13.2146415710449,,False,0,6.53351901821379,False,0,True,False,False,False,False
8.12,0.917904734611511,9.69887065887451,13.7162551879883,13.7162933349609,12.7853517532349,15.0027656555176,13.2146415710449,,False,0,6.53351172585273,False,0,True,False,False,False,False
8.139999,0.917056620121002,9.59887218475342,13.574836730957,13.5748739242554,12.7853517532349,15.1027641296387,13.2146425247192,,False,0,6.53350444022104,False,0,True,False,False,False,False
8.16,0.916208207607269,9.49887371063232,13.4334173202515,13.4334545135498,12.7853517532349,15.2027626037598,13.2146425247192,,False,0,6.53349716131875,False,0,True,False,False,False,False
8.179999,0.915359973907471,9.39887523651123,13.2919979095459,13.2920351028442,12.7853517532349,15.3027648925781,13.2146425247192,,False,0,6.53348988914586,False,0,True,False,False,False,False
8.2,0.914511620998383,9.29887676239014,13.1505794525146,13.1506156921387,12.7853517532349,15.402759552002,13.2146425247192,,False,0,6.53348262370242,False,0,True,False,False,False,False
8.22,0.913663506507874,9.19887924194336,13.0091600418091,13.0091962814331,12.7853517532349,15.5027599334717,13.2146425247192,,False,0,6.53347536498843,False,0,True,False,False,False,False
8.24,0.912815093994141,9.09888076782227,12.8677406311035,12.8677768707275,12.7853517532349,15.6027565002441,13.2146425247192,,False,0,6.53346811300393,False,0,True,False,False,False,False
8.26,0.911966979503632,8.99888229370117,12.7263221740723,12.726357460022,12.7853517532349,15.7027549743652,13.2146425247192,,False,0,6.53346086774893,False,0,True,False,False,False,False
8.28,0.911118626594543,8.89888381958008,12.5849027633667,12.5849380493164,12.7853517532349,15.8027572631836,13.2146425247192,,False,0,6.53345362922346,False,0,True,False,False,False,False
8.3,0.910269975662231,8.79888534545898,12.4434843063354,12.4435186386108,12.7853517532349,15.9027538299561,13.2146425247192,,False,0,6.53344639742753,False,0,True,False,False,False,False
8.32,0.909421741962433,8.69888687133789,12.3020648956299,12.3020992279053,12.7853517532349,16.0027503967285,13.2146425247192,,False,0,6.53343917236118,False,0,True,False,False,False,False
8.34,0.908573627471924,8.5988883972168,12.1606454849243,12.1606798171997,12.7853517532349,16.1027488708496,13.2146425247192,,False,0,6.53343195402442,False,0,True,False,False,False,False
8.36,0.907725095748901,8.4988899230957,12.0192270278931,12.0192604064941,12.7853517532349,16.2027492523193,13.2146425247192,,False,0,6.53342474241728,False,0,True,False,False,False,False
8.38,0.906876802444458,8.39889144897461,11.8778076171875,11.8778409957886,12.7853517532349,16.3027477264404,13.2146425247192,,False,0,6.53341753753977,False,0,True,False,False,False,False
8.4,0.90602844953537,8.29889297485352,11.7363882064819,11.736421585083,12.7853517532349,16.4027481079102,13.2146425247192,,False,0,6.53341033939193,False,0,True,False,False,False,False
8.42,0.905180096626282,8.19889354705811,11.5949697494507,11.5950021743774,12.7853517532349,16.5027446746826,13.2146425247192,,False,0,6.53340314797377,False,0,True,False,False,False,False
8.44,0.904331684112549,8.09889507293701,11.4535503387451,11.4535827636719,12.7853517532349,16.6027431488037,13.2146425247192,,False,0,6.53339596328531,False,0,True,False,False,False,False
8.46,0.90348356962204,7.99889612197876,11.3121318817139,11.3121643066406,12.7853479385376,16.7027416229248,13.2146444320679,,False,0,6.53338878532658,False,0,True,False,False,False,False
8.48,0.902635216712952,7.89889764785767,11.1707134246826,11.1707448959351,12.7853479385376,16.8027400970459,13.2146444320679,,False,0,6.5333816140976,False,0,True,False,False,False,False
8.5,0.901786983013153,7.79889917373657,11.0292940139771,11.0293254852295,12.7853479385376,16.902738571167,13.2146444320679,,False,0,6.53337444959839,False,0,True,False,False,False,False
8.52,0.900953829288483,7.69890069961548,10.8878746032715,10.8879060745239,12.7853479385376,17.0027370452881,13.2146444320679,,False,0,6.53336742191017,False,0,True,False,False,False,False
8.54,0.900121092796326,7.59890222549438,10.7464561462402,10.7464866638184,12.7853479385376,17.1027355194092,13.2146444320679,,False,0,6.53336040070927,False,0,True,False,False,False,False
8.559999,0.899288237094879,7.49890375137329,10.6050367355347,10.6050672531128,12.7853479385376,17.2027339935303,13.2146444320679,,False,0,6.53335338599571,False,0,True,False,False,False,False
8.58,0.898439884185791,7.3989052772522,10.4636173248291,10.4636478424072,12.7853479385376,17.3027305603027,13.2146453857422,,False,0,6.53334624804873,False,0,True,False,False,False,False
8.599999,0.897591352462769,7.2989068031311,10.3221988677979,10.3222284317017,12.7853479385376,17.4027309417725,13.2146453857422,,False,0,6.53333911683163,False,0,True,False,False,False,False
8.62,0.896758496761322,7.19890832901001,10.1807794570923,10.1808090209961,12.7853479385376,17.5027294158936,13.2146453857422,,False,0,6.53333212182048,False,0,True,False,False,False,False
8.639999,0.895925760269165,7.09890985488892,10.0393600463867,10.0393896102905,12.7853479385376,17.6027297973633,13.2146453857422,,False,0,6.53332513329677,False,0,True,False,False,False,False
8.66,0.895077347755432,6.99891138076782,9.89794158935547,9.89797019958496,12.7853479385376,17.7027263641357,13.2146453857422,,False,0,6.53331802202471,False,0,True,False,False,False,False
8.679999,0.894229114055634,6.89891290664673,9.7565221786499,9.75655078887939,12.7853479385376,17.8027229309082,13.2146453857422,,False,0,6.53331091748262,False,0,True,False,False,False,False
8.7,0.893396079540253,6.79891443252563,9.61510372161865,9.61513137817383,12.7853479385376,17.9027233123779,13.2146453857422,,False,0,6.53330394866158,False,0,True,False,False,False,False
8.72,0.900790572166443,6.69891595840454,9.47368431091309,9.4737024307251,12.7853479385376,18.0027236938477,13.2146453857422,,False,0,6.47368474033899,False,0,True,False,False,False,False
8.74,0.912919044494629,6.59891748428345,9.33226490020752,9.33228302001953,12.7853479385376,18.1027202606201,13.2146453857422,,False,0,6.3818052579469,False,0,True,False,False,False,False
8.76,0.926353573799133,6.49891901016235,9.19084644317627,9.19086360931396,12.7853479385376,18.2027206420898,13.2146463394165,,False,0,6.28347284253784,False,0,True,False,False,False,False
8.78,0.94041246175766,6.39892148971558,9.0494270324707,9.0494441986084,12.7853479385376,18.3027153015137,13.2146463394165,,False,0,6.18384973870825,False,0,True,False,False,False,False
8.8,0.954972624778748,6.29892301559448,8.90800762176514,8.90802383422852,12.7853479385376,18.4027156829834,13.2146463394165,,False,0,6.08397302364758,False,0,True,False,False,False,False
8.82,0.970026791095734,6.19892454147339,8.76658916473389,8.76660537719727,12.7853479385376,18.5027141571045,13.2146463394165,,False,0,5.98404865825395,False,0,True,False,False,False,False
8.84,0.985595762729645,6.09892606735229,8.62516975402832,8.6251859664917,12.7853479385376,18.6027126312256,13.2146463394165,,False,0,5.88411105127259,False,0,True,False,False,False,False
8.86,1.00170290470123,5.9989275932312,8.48374938964844,8.48376655578613,12.7853479385376,18.702709197998,13.2146396636963,,False,0,5.78417555556416,False,0,True,False,False,False,False
8.88,1.01839506626129,5.89892911911011,8.3423318862915,8.34234714508057,12.7853441238403,18.8027095794678,13.2146434783936,,False,0,5.68424242950042,False,0,True,False,False,False,False
8.9,1.03568518161774,5.79893064498901,8.20091247558594,8.200927734375,12.7853441238403,18.9027080535889,13.2146434783936,,False,0,5.58431165037344,False,0,True,False,False,False,False
8.92,1.05360615253448,5.69893217086792,8.05949401855469,8.05950832366943,12.7853441238403,19.00270652771,13.2146434783936,,False,0,5.48438334647312,False,0,True,False,False,False,False
8.94,1.07219302654266,5.59893369674683,7.91807460784912,7.91808938980103,12.7853441238403,19.1027030944824,13.2146434783936,,False,0,5.38445765560934,False,0,True,False,False,False,False
8.96,1.09148371219635,5.49893426895142,7.77665567398071,7.77666997909546,12.7853441238403,19.2027034759521,13.2146434783936,,False,0,5.28453472601188,False,0,True,False,False,False,False
8.98,1.11153841018677,5.39893579483032,7.6352367401123,7.63525056838989,12.7853441238403,19.3027019500732,13.2146434783936,,False,0,5.18461487777992,False,0,True,False,False,False,False
9,1.13238251209259,5.29893732070923,7.4938178062439,7.49383115768433,12.7853441238403,19.4027004241943,13.2146434783936,,False,0,5.08469812867081,False,0,True,False,False,False,False
9.02,1.15406227111816,5.19893980026245,7.35239601135254,7.35241174697876,12.7853441238403,19.5026988983154,13.2146434783936,,False,0,4.98478847610397,False,0,True,False,False,False,False
9.04,1.17663109302521,5.09894132614136,7.21097803115845,7.21099233627319,12.7853441238403,19.6026954650879,13.2146434783936,,False,0,4.88487849941842,False,0,True,False,False,False,False
9.059999,1.20014381408691,4.99894285202026,7.06955766677856,7.0695743560791,12.7853441238403,19.7026977539063,13.2146434783936,,False,0,4.78497222823862,False,0,True,False,False,False,False
9.08,1.22468256950378,4.89894437789917,6.92813873291016,6.92815494537354,12.7853441238403,19.8026924133301,13.2146434783936,,False,0,4.68507007636372,False,0,True,False,False,False,False
9.099999,1.25029230117798,4.79894590377808,6.78671979904175,6.78673553466797,12.7853441238403,19.9026947021484,13.2146434783936,,False,0,4.58517213212605,False,0,True,False,False,False,False
9.12,1.27704465389252,4.69894742965698,6.64530038833618,6.64531755447388,12.7853441238403,20.0026912689209,13.2146434783936,,False,0,4.485278676666,False,0,True,False,False,False,False
9.139999,1.30501818656921,4.59894895553589,6.50388145446777,6.50389814376831,12.7853441238403,20.102689743042,13.2146434783936,,False,0,4.38539001673101,False,0,True,False,False,False,False
9.16,1.33429801464081,4.49895048141479,6.36246252059937,6.36247873306274,12.7853441238403,20.2026863098145,13.2146434783936,,False,0,4.28550648764822,False,0,True,False,False,False,False
9.179999,1.36500191688538,4.39895105361938,6.22104358673096,6.22105932235718,12.7853441238403,20.3026847839355,13.2146434783936,,False,0,4.18562865369311,False,0,True,False,False,False,False
9.2,1.39721035957336,4.29895257949829,6.07962465286255,6.07963991165161,12.7853441238403,20.4026851654053,13.2146434783936,,False,0,4.085756730394,False,0,True,False,False,False,False
9.22,1.43103611469269,4.1989541053772,5.93820524215698,5.93822050094604,12.7853441238403,20.502685546875,13.2146434783936,,False,0,3.98589116205148,False,0,True,False,False,False,False
9.24,1.46660435199738,4.09895658493042,5.79678630828857,5.79680156707764,12.7853441238403,20.6026821136475,13.2146434783936,,False,0,3.88603243860541,False,0,True,False,False,False,False
9.26,1.50405335426331,3.99895763397217,5.65536785125732,5.65538215637207,12.7853441238403,20.7026805877686,13.2146434783936,,False,0,3.78618110164963,False,0,True,False,False,False,False
9.28,1.54353630542755,3.89895915985107,5.51394844055176,5.5139627456665,12.7853441238403,20.8026809692383,13.2146434783936,,False,0,3.68633775141308,False,0,True,False,False,False,False
9.3,1.58525121212006,3.79896068572998,5.37252950668335,5.37254428863525,12.7853441238403,20.9026775360107,13.2146434783936,,False,0,3.58650328355566,False,0,True,False,False,False,False
9.32,1.62936174869537,3.69896221160889,5.23111057281494,5.23112487792969,12.7853441238403,21.0026741027832,13.2146434783936,,False,0,3.48667822546761,False,0,True,False,False,False,False
9.34,1.6760801076889,3.59896373748779,5.08969068527222,5.08970403671265,12.7853441238403,21.1026744842529,13.2146434783936,,False,0,3.38686340918282,False,0,True,False,False,False,False
9.36,1.72564435005188,3.4989652633667,4.94827175140381,4.94828462600708,12.7853441238403,21.202672958374,13.2146434783936,,False,0,3.28705976771333,False,0,True,False,False,False,False
9.38,1.77832329273224,3.39896678924561,4.8068528175354,4.80686521530151,12.7853441238403,21.3026733398438,13.2146434783936,,False,0,3.18726835081302,False,0,True,False,False,False,False
9.4,1.83441960811615,3.29896783828735,4.66543436050415,4.66544580459595,12.7853441238403,21.4026718139648,13.2146434783936,,False,0,3.08749034382305,False,0,True,False,False,False,False
9.42,1.8943098783493,3.19896936416626,4.5240216255188,4.52402639389038,12.7853441238403,21.5026683807373,13.2146434783936,,False,0,2.98772736329326,False,0,True,False,False,False,False
9.44,1.95835506916046,3.09897089004517,4.38260221481323,4.38260698318481,12.7853441238403,21.6026649475098,13.2146434783936,,False,0,2.88798068349311,False,0,True,False,False,False,False
9.46,2.02700209617615,3.00385522842407,4.24808883666992,4.24809312820435,12.7853441238403,21.6977825164795,13.2146434783936,,False,0,2.78825205385042,False,0,False,False,False,False,False
9.48,2.09694528579712,2.91377544403076,4.12069654464722,4.12070083618164,12.7853441238403,21.78786277771,13.2146434783936,,False,0,2.69341473505879,False,0,False,False,False,False,False
9.5,2.16781115531921,2.83365917205811,4.00739526748657,4.00739908218384,12.7853441238403,21.8679809570313,13.2146434783936,,False,0,2.60361216515515,False,0,False,False,False,False,False
9.52,2.23492503166199,2.75843334197998,3.90101003646851,3.93907284736633,12.7853441238403,21.9432067871094,13.2146434783936,,False,0,2.52375812234672,False,0,False,False,False,False,False
9.54,2.30183124542236,2.6889066696167,3.80268454551697,3.80269241333008,12.7853441238403,22.012731552124,13.2146434783936,,False,0,2.44879316943663,False,0,False,False,False,False,False
9.559999,2.36729168891907,2.62387371063232,3.71071410179138,3.71072196960449,12.7853441238403,22.0777645111084,13.2146434783936,,False,0,2.37951725121696,False,0,False,False,False,False,False
9.58,2.43194961547852,2.56383037567139,3.62580013275146,3.625807762146,12.7853441238403,22.1378059387207,13.2146434783936,,False,0,2.31473895785003,False,0,False,False,False,False,False
9.599999,2.49480891227722,2.51374340057373,3.55496644973755,3.5549738407135,12.7853441238403,22.1878967285156,13.2146434783936,,False,0,2.25493878206424,False,0,False,False,False,False,False
9.62,2.54951882362366,2.46872615814209,3.49130249023438,3.49130988121033,12.7853441238403,22.2329120635986,13.2146434783936,,False,0,2.2050581108153,False,0,False,False,False,False,False
9.639999,2.60068202018738,2.42872142791748,3.43472743034363,3.434734582901,12.7853441238403,22.2729167938232,13.2146434783936,,False,0,2.16023660680662,False,0,False,False,False,False,False
9.66,2.64773297309875,2.3937520980835,3.38527321815491,3.38528037071228,12.7853441238403,22.3078880310059,13.2146434783936,,False,0,2.12041084114269,False,0,False,False,False,False,False
9.679999,2.69006395339966,2.36364650726318,3.34269762039185,3.34270453453064,12.7853441238403,22.3379917144775,13.2146434783936,,False,0,2.08560133268875,False,0,False,False,False,False,False
9.7,2.72735071182251,2.34413433074951,3.31510329246521,3.315110206604,12.7853441238403,22.3575019836426,13.2146434783936,,False,0,2.05563518281976,False,0,False,False,False,False,False
9.719999,2.75130534172058,2.32905864715576,3.29378294944763,3.29378986358643,12.7853441238403,22.3725814819336,13.2146434783936,,False,0,2.03620918245068,False,0,False,False,False,False,False
9.74,2.76960706710815,2.31895732879639,3.2794976234436,3.2795045375824,12.7853441238403,22.3826808929443,13.2146434783936,,False,0,2.02119706316204,False,0,False,False,False,False,False
9.76,2.78131198883057,2.31368541717529,3.27204203605652,3.27204895019531,12.7853441238403,22.3879528045654,13.2146434783936,,False,0,2.01113320591304,False,0,False,False,False,False,False
9.78,2.78638362884521,2.31360530853271,3.27192878723145,3.27193570137024,12.7853441238403,22.388032913208,13.2146434783936,,False,0,2.00587238056828,False,0,False,False,False,False,False
9.8,2.78422808647156,2.31360530853271,3.27192878723145,3.27193570137024,12.7853441238403,22.388032913208,13.2146434783936,,False,0,2.0057746946583,False,0,False,False,False,False,False
9.82,2.7819607257843,2.31360530853271,3.27192878723145,3.27193570137024,12.7853441238403,22.388032913208,13.2146434783936,,False,0,2.005756688967,False,0,False,False,False,False,False
9.84,2.77969360351563,2.31360530853271,3.27192878723145,3.27193570137024,12.7853441238403,22.388032913208,13.2146434783936,,False,0,2.00573869780571,False,0,False,False,False,False,False
9.86,2.77742600440979,2.31360530853271,3.27192878723145,3.27193570137024,12.7853441238403,22.388032913208,13.2146434783936,,False,0,2.00572072117633,False,0,False,False,False,False,False
9.88,2.7752091884613,2.31360530853271,3.27192878723145,3.27193570137024,12.7853441238403,22.388032913208,13.2146434783936,,False,0,2.00570315808527,False,0,False,False,False,False,False
9.9,2.77299237251282,2.31360530853271,3.27192878723145,3.27193570137024,12.7853441238403,22.388032913208,13.2146434783936,,False,0,2.00568560888229,False,0,False,False,False,False,False
9.92,2.77077531814575,2.31360530853271,3.27192878723145,3.27193570137024,12.7853441238403,22.388032913208,13.2146434783936,,False,0,2.00566807357226,False,0,False,False,False,False,False
9.94,2.76855826377869,2.31360530853271,3.27192878723145,3.27193570137024,12.7853441238403,22.388032913208,13.2146434783936,,False,0,2.00565055215716,False,0,False,False,False,False,False
9.96,2.76634168624878,2.31360530853271,3.27192878723145,3.27193570137024,12.7853441238403,22.388032913208,13.2146434783936,,False,0,2.00563304463416,False,0,False,False,False,False,False
9.98,2.76412439346313,2.31360530853271,3.27192878723145,3.27193570137024,12.7853441238403,22.388032913208,13.2146434783936,,False,0,2.00561555100356,False,0,False,False,False,False,False
10,2.76190781593323,2.31360530853271,3.27192878723145,3.27193570137024,12.7853441238403,22.388032913208,13.2146434783936,,False,0,2.00559807126901,False,0,False,False,False,False,False
10.02,2.75974106788635,2.31360530853271,3.27192878723145,3.27193570137024,12.7853441238403,22.388032913208,13.2146434783936,,False,0,2.00558100222258,False,0,False,False,False,False,False
10.04,2.75757479667664,2.31360530853271,3.27192878723145,3.27193570137024,12.7853441238403,22.388032913208,13.2146434783936,,False,0,2.00556394644849,False,0,False,False,False,False,False
10.06,2.75540804862976,2.31360530853271,3.27192878723145,3.27193570137024,12.7853441238403,22.388032913208,13.2146434783936,,False,0,2.00554690394542,False,0,False,False,False,False,False
10.08,2.75324106216431,2.31360530853271,3.27192878723145,3.27193570137024,12.7853441238403,22.388032913208,13.2146434783936,,False,0,2.00552987471029,False,0,False,False,False,False,False
10.1,2.75107479095459,2.31360530853271,3.27192878723145,3.27193570137024,12.7853441238403,22.388032913208,13.2146434783936,,False,0,2.00551285874683,False,0,False,False,False,False,False
10.12,2.74890804290771,2.31360530853271,3.27192878723145,3.27193570137024,12.7853441238403,22.388032913208,13.2146434783936,,False,0,2.00549585605707,False,0,False,False,False,False,False
10.14,2.74679183959961,2.31360530853271,3.27192878723145,3.27193570137024,12.7853441238403,22.388032913208,13.2146434783936,,False,0,2.00547926159169,False,0,False,False,False,False,False
10.16,2.74467539787292,2.31360530853271,3.27192878723145,3.27193570137024,12.7853441238403,22.388032913208,13.2146434783936,,False,0,2.00546267978541,False,0,False,False,False,False,False
10.18,2.74255919456482,2.31360530853271,3.27192878723145,3.27193570137024,12.7853441238403,22.388032913208,13.2146434783936,,False,0,2.00544611064537,False,0,False,False,False,False,False
10.2,2.74044299125671,2.31360530853271,3.27192878723145,3.27193570137024,12.7853441238403,22.388032913208,13.2146434783936,,False,0,2.00542955416506,False,0,False,False,False,False,False
10.22,2.73832702636719,2.31360530853271,3.27192878723145,3.27193570137024,12.7853441238403,22.388032913208,13.2146434783936,,False,0,2.00541301035162,False,0,False,False,False,False,False
10.24,2.73621034622192,2.31360530853271,3.27192878723145,3.27193570137024,12.7853441238403,22.388032913208,13.2146434783936,,False,0,2.00539647920025,False,0,False,False,False,False,False
10.26,2.73409390449524,2.31360530853271,3.27192878723145,3.27193570137024,12.7853441238403,22.388032913208,13.2146434783936,,False,0,2.00537996071296,False,0,False,False,False,False,False
10.28,2.73202848434448,2.31360530853271,3.27192878723145,3.27193570137024,12.7853441238403,22.388032913208,13.2146434783936,,False,0,2.00536384773867,False,0,False,False,False,False,False
10.3,2.72996258735657,2.31360530853271,3.27192878723145,3.27193570137024,12.7853441238403,22.388032913208,13.2146434783936,,False,0,2.00534774683318,False,0,False,False,False,False,False
10.32,2.72789669036865,2.31360530853271,3.27192878723145,3.27193570137024,12.7853441238403,22.388032913208,13.2146434783936,,False,0,2.00533165799678,False,0,False,False,False,False,False
10.34,2.72583031654358,2.31360530853271,3.27192878723145,3.27193570137024,12.7853441238403,22.388032913208,13.2146434783936,,False,0,2.00531558122976,False,0,False,False,False,False,False
10.36,2.72376465797424,2.31360530853271,3.27192878723145,3.27193570137024,12.7853441238403,22.388032913208,13.2146434783936,,False,0,2.00529951653241,False,0,False,False,False,False,False
10.38,2.72169923782349,2.31360530853271,3.27192878723145,3.27193570137024,12.7853441238403,22.388032913208,13.2146434783936,,False,0,2.00528346390503,False,0,False,False,False,False,False
10.4,2.7196831703186,2.31360530853271,3.27192878723145,3.27193570137024,12.7853441238403,22.388032913208,13.2146434783936,,False,0,2.00526781443739,False,0,False,False,False,False,False
10.42,2.71766781806946,2.31360530853271,3.27192878723145,3.27193570137024,12.7853441238403,22.388032913208,13.2146434783936,,False,0,2.00525217645865,False,0,False,False,False,False,False
10.44,2.71565198898315,2.31360530853271,3.27192878723145,3.27193570137024,12.7853441238403,22.388032913208,13.2146434783936,,False,0,2.00523654997254,False,0,False,False,False,False,False
10.46,2.71363663673401,2.31360530853271,3.27192878723145,3.27193570137024,12.7853441238403,22.388032913208,13.2146434783936,,False,0,2.0052209349759,False,0,False,False,False,False,False
10.48,2.71162104606628,2.31360530853271,3.27192878723145,3.27193570137024,12.7853441238403,22.388032913208,13.2146434783936,,False,0,2.00520533146551,False,0,False,False,False,False,False
