timestamp,rotation,northRay,northwestRay,northeastRay,eastRay,southRay,westRay,fitness,doorClosed,checkpointMet,distanceFromPlayer,seesKey,mouseRotation,forwardButtonPressed,backButtonPressed,leftButtonPressed,rightButtonPressed,keyButtonPressed
0.7,,,,,,,,,,,,False,,,,,,
0.72,8.07496547698975,45.2558860778809,11.8055267333984,24.9640045166016,17.6522369384766,6.67597913742065,8.34775829315186,,False,0,15.4053351043194,False,0,False,False,False,False,False
0.74,8.0749626159668,45.2558860778809,11.8055267333984,24.9640045166016,17.6522369384766,6.67597913742065,8.34775829315186,,False,0,15.4053351043194,False,0,False,False,False,False,False
0.76,8.0749626159668,45.2558860778809,11.8055267333984,24.9640045166016,17.6522369384766,6.67597913742065,8.34775829315186,,False,0,15.4053351043194,False,0,False,False,False,False,False
0.78,8.0749626159668,45.2558860778809,11.8055267333984,24.9640045166016,17.6522369384766,6.67597913742065,8.34775733947754,,False,0,15.4053351043194,False,0,False,False,False,False,False
0.8,8.0749626159668,45.2558860778809,11.8055267333984,24.9640045166016,17.6522369384766,6.67597913742065,8.34775733947754,,False,0,15.4053351043194,False,0,False,False,False,False,False
0.82,8.0749626159668,45.2558860778809,11.8055267333984,24.9640045166016,17.6522369384766,6.67597913742065,8.34775829315186,,False,0,15.4053351043194,False,0,False,False,False,False,False
0.84,8.0749626159668,45.2558860778809,11.8055267333984,24.9640045166016,17.6522369384766,6.67597913742065,8.34775733947754,,False,0,15.4053351043194,False,0,False,False,False,False,False
0.86,8.0749626159668,45.2558860778809,11.8055267333984,24.9640045166016,17.6522369384766,6.67597913742065,8.34775733947754,,False,0,15.4053351043194,False,0,False,False,False,False,False
0.88,8.0749626159668,45.2558860778809,11.8055267333984,24.9640045166016,17.6522369384766,6.67597913742065,8.34775733947754,,False,0,15.4053351043194,False,0,False,False,False,False,False
0.9,8.0749626159668,45.2558860778809,11.8055267333984,24.9640045166016,17.6522369384766,6.67597913742065,8.34775733947754,,False,0,15.4053351043194,False,0,False,False,False,False,False
0.92,8.0749626159668,45.2558860778809,11.8055267333984,24.9640045166016,17.6522369384766,6.67597913742065,8.34775829315186,,False,0,15.4053351043194,False,0,False,False,False,False,False
0.94,8.0749626159668,45.2558860778809,11.8055267333984,24.9640045166016,17.6522369384766,6.67597913742065,8.34775829315186,,False,0,15.4053351043194,False,0,False,False,False,False,False
0.96,8.0749626159668,45.2558860778809,11.8055267333984,24.9640045166016,17.6522369384766,6.67597913742065,8.34775829315186,,False,0,15.4053351043194,False,0,False,False,False,False,False
0.98,8.0749626159668,45.2558860778809,11.8055267333984,24.9640045166016,17.6522369384766,6.67597913742065,8.34775829315186,,False,0,15.4053351043194,False,0,False,False,False,False,False
1,8.0749626159668,45.2558860778809,11.8055267333984,24.9640045166016,17.6522369384766,6.67597913742065,8.34775829315186,,False,0,15.4053351043194,False,0,False,False,False,False,False
1.02,8.0749626159668,45.2558860778809,11.8055267333984,24.9640045166016,17.6522369384766,6.67597913742065,8.34775829315186,,False,0,15.4053351043194,False,0,False,False,False,False,False
1.04,8.0749626159668,45.2558860778809,11.8055267333984,24.9640045166016,17.6522369384766,6.67597913742065,8.34775829315186,,False,0,15.4053351043194,False,0,False,False,False,False,False
1.06,8.0749626159668,45.2558860778809,11.8055267333984,24.9640045166016,17.6522369384766,6.67597913742065,8.34775829315186,,False,0,15.4053351043194,False,0,False,False,False,False,False
1.08,8.0749626159668,45.2558860778809,11.8055267333984,24.9640045166016,17.6522369384766,6.67597913742065,8.34775829315186,,False,0,15.4053351043194,False,0,False,False,False,False,False
1.1,8.0749626159668,45.2558860778809,11.8055267333984,24.9640045166016,17.6522369384766,6.67597913742065,8.34775829315186,,False,0,15.4053351043194,False,0.0750000029802322,False,False,False,False,False
1.12,7.88976573944092,45.2558860778809,11.8055267333984,24.9640045166016,17.6522369384766,6.67597913742065,8.34775829315186,,False,0,15.4053351043194,False,0.0750000029802322,False,False,False,False,False
1.14,7.70513200759888,45.2645645141602,12.0432109832764,24.4890022277832,17.6564102172852,6.67731237411499,8.34859752655029,,False,0,15.4053351043194,False,0.0750000029802322,False,False,False,False,False
1.16,7.52104759216309,45.2645645141602,12.0432109832764,24.4890022277832,17.6564102172852,6.67731237411499,8.34859752655029,,False,0,15.4053351043194,False,0.100000001490116,False,False,False,False,False
1.18,7.27643013000488,45.2645645141602,12.0432109832764,24.4890022277832,17.6564102172852,6.67731237411499,8.34859752655029,,False,0,15.4053351043194,False,0.100000001490116,False,False,False,False,False
1.2,7.03272294998169,45.2645645141602,12.0432109832764,24.4890022277832,17.6564102172852,6.67731237411499,8.34859752655029,,False,0,15.4053351043194,False,0.100000001490116,False,False,False,False,False
1.22,6.78989887237549,45.3231239318848,12.5026702880859,23.7097644805908,17.6806621551514,6.68608093261719,8.35804653167725,,False,0,15.4053351043194,False,0.100000001490116,False,False,False,False,False
1.24,6.54792308807373,45.3231239318848,12.5026702880859,23.7097644805908,17.6806621551514,6.68608093261719,8.35804653167725,,False,0,15.4053351043194,False,0.174999997019768,True,False,False,False,False
1.26,6.1353235244751,45.3231239318848,12.5026702880859,23.7097644805908,17.6806621551514,6.68608093261719,8.35804653167725,,False,0,15.3839585498791,False,0.174999997019768,True,False,False,False,False
1.28,5.72439622879028,45.4184150695801,13.1964054107666,22.7927684783936,17.7398223876953,6.77606248855591,8.39164733886719,,False,0,15.3625065180121,False,0.174999997019768,True,False,False,False,False
1.3,5.31498670578003,45.4184150695801,13.1964054107666,22.7927684783936,17.7398223876953,6.77606248855591,8.39164733886719,,False,0,15.3409896512003,False,0.225000008940697,True,False,False,False,False
1.32,4.79405832290649,45.4184150695801,13.1964054107666,22.7927684783936,17.7398223876953,6.77606248855591,8.39164733886719,,False,0,15.3021228023708,False,0.225000008940697,True,False,False,False,False
1.34,4.27468585968018,45.6498527526855,14.2719793319702,21.7652778625488,17.8624095916748,6.94764471054077,8.47083759307861,,False,0,15.2631270577526,False,0.225000008940697,True,False,False,False,False
1.36,3.75654983520508,45.6498527526855,14.2719793319702,21.7652778625488,17.8624095916748,6.94764471054077,8.47083759307861,,False,0,15.2240160666677,False,0.125,True,False,False,False,False
1.38,3.47700691223145,45.6498527526855,14.2719793319702,21.7652778625488,17.8624095916748,6.94764471054077,8.47083759307861,,False,0,15.1689666989264,False,0.125,True,False,False,False,False
1.4,3.19709920883179,18.5224151611328,15.0080404281616,21.2386150360107,17.9371719360352,7.15530824661255,8.5494556427002,,False,0,15.1138459603233,False,0.125,True,False,False,False,False
1.42,2.91677093505859,18.5224151611328,15.0080404281616,21.2386150360107,17.9371719360352,7.15530824661255,8.5494556427002,,False,0,15.0586567322724,False,0.0750000029802322,True,False,False,False,False
1.44,2.7552490234375,18.2083530426025,15.3567180633545,21.0215225219727,17.9562816619873,7.31460380554199,8.60019016265869,,False,0,14.9889319847527,False,0.0750000029802322,True,False,False,False,False
1.46,2.5931932926178,18.2083530426025,15.3567180633545,21.0215225219727,17.9562816619873,7.31460380554199,8.60019016265869,,False,0,14.9191638245517,False,0.125,True,False,False,False,False
1.48,2.3164427280426,18.2083530426025,15.3567180633545,21.0215225219727,17.9562816619873,7.31460380554199,8.60019016265869,,False,0,14.8342951651186,False,0.125,True,False,False,False,False
1.5,2.03857564926147,17.8109340667725,16.28049659729,20.5249614715576,18.0311985015869,7.62527751922607,8.72166728973389,,False,0,14.749351385296,False,0.125,True,False,False,False,False
1.52,1.75952053070068,17.8109340667725,16.28049659729,20.5249614715576,18.0311985015869,7.62527751922607,8.72166728973389,,False,0,14.6643470065164,False,0.025000000372529,True,False,False,False,False
1.54,1.71334838867188,17.6167602539063,16.4895267486572,20.4154148101807,18.0017204284668,7.83240938186646,8.77972412109375,,False,0,14.5651126236251,False,0.025000000372529,True,False,False,False,False
1.56,1.66694915294647,17.6167602539063,16.4895267486572,20.4154148101807,18.0017204284668,7.83240938186646,8.77972412109375,,False,0,14.4658689758433,False,0.0750000029802322,True,False,False,False,False
1.58,1.50403034687042,17.6167602539063,16.4895267486572,20.4154148101807,18.0017204284668,7.83240938186646,8.77972412109375,,False,0,14.3660287499128,False,0.0750000029802322,True,False,False,False,False
1.6,1.34013664722443,17.4038467407227,17.1971130371094,20.0934524536133,18.0153026580811,8.1728572845459,8.90187931060791,,False,0,14.2661564318023,False,0.0750000029802322,True,False,False,False,False
1.62,1.17523217201233,17.4038467407227,17.1971130371094,20.0934524536133,18.0153026580811,8.1728572845459,8.90187931060791,,False,0,14.1662550047642,False,0.100000001490116,True,False,False,False,False
1.64,0.95120906829834,17.3922462463379,17.8465785980225,19.8346824645996,18.0469169616699,8.4129810333252,9.00086688995361,,False,0,14.0663199149918,False,0.100000001490116,True,False,False,False,False
1.66,0.725732743740082,17.3922462463379,17.8465785980225,19.8346824645996,18.0469169616699,8.4129810333252,9.00086688995361,,False,0,13.9663566408761,False,0.0500000007450581,True,False,False,False,False
1.68,0.614848732948303,17.3922462463379,17.8465785980225,19.8346824645996,18.0469169616699,8.4129810333252,9.00086688995361,,False,0,13.8663835000675,False,0.0500000007450581,True,False,False,False,False
1.7,0.503215134143829,17.3543071746826,18.4587955474854,19.5973052978516,18.0279960632324,8.74596786499023,9.12402629852295,,False,0,13.7664014356541,False,0.0500000007450581,True,False,False,False,False
1.72,0.390799939632416,17.3543071746826,18.4587955474854,19.5973052978516,18.0279960632324,8.74596786499023,9.12402629852295,,False,0,13.6664127575975,False,0,True,False,False,False,False
1.74,0.393679887056351,17.1542854309082,18.5805740356445,19.5318717956543,17.9678020477295,8.94596672058105,9.18422031402588,,False,0,13.5664242396439,False,0,True,False,False,False,False
1.76,0.396602630615234,17.1542854309082,18.5805740356445,19.5318717956543,17.9678020477295,8.94596672058105,9.18422031402588,,False,0,13.4664358853596,False,0,True,False,False,False,False
1.78,0.399568557739258,17.1542854309082,18.5805740356445,19.5318717956543,17.9678020477295,8.94596672058105,9.18422031402588,,False,0,13.3664476984177,False,0,True,False,False,False,False
1.8,0.402579694986343,16.8542900085449,18.7632503509521,19.4337139129639,17.8775081634521,9.24596500396729,9.27451515197754,,False,0,13.2664596826017,False,0,True,False,False,False,False
1.82,0.405636638402939,16.8542900085449,18.7632503509521,19.4337139129639,17.8775081634521,9.24596500396729,9.27451515197754,,False,0,13.1664718418105,False,0,True,False,False,False,False
1.84,0.408739775419235,16.6543121337891,18.8850288391113,19.3682804107666,17.8173141479492,9.44596385955811,9.33470916748047,,False,0,13.066484180062,False,0,True,False,False,False,False
1.86,0.411890834569931,16.6543121337891,18.8850288391113,19.3682804107666,17.8173141479492,9.44596385955811,9.33470916748047,,False,0,12.9664967014981,False,0,True,False,False,False,False
1.88,0.415091425180435,16.6543121337891,18.8850288391113,19.3682804107666,17.8173141479492,9.44596385955811,9.33470916748047,,False,0,12.8665094103895,False,0,True,False,False,False,False
1.9,0.41834220290184,16.3542900085449,19.0245571136475,19.270133972168,17.7270259857178,9.74596214294434,9.4249963760376,,False,0,12.7665223111406,False,0,True,False,False,False,False
1.92,0.421644240617752,16.3542900085449,19.0245571136475,19.270133972168,17.7270259857178,9.74596214294434,9.4249963760376,,False,0,12.666535408295,False,0,True,False,False,False,False
1.94,0.424998730421066,16.1543006896973,19.1463356018066,19.2047004699707,17.6668319702148,9.94596099853516,9.48519134521484,,False,0,12.5665487065407,False,0,True,False,False,False,False
1.96,0.428406685590744,16.1543006896973,19.1463356018066,19.2047004699707,17.6668319702148,9.94596099853516,9.48519134521484,,False,0,12.4665622107162,False,0,True,False,False,False,False
1.98,0.431869715452194,16.1543006896973,19.1463356018066,19.2047004699707,17.6668319702148,9.94596099853516,9.48519134521484,,False,0,12.3665759258165,False,0,True,False,False,False,False
2,0.43538972735405,15.8543128967285,19.3290100097656,19.1065464019775,17.5765380859375,10.2459573745728,9.57548713684082,,False,0,12.2665898569994,False,0,True,False,False,False,False
2.02,0.438967555761337,15.7543144226074,19.3898906707764,19.0738334655762,17.546443939209,10.3459568023682,9.60558032989502,,False,0,12.1666040095923,False,0,True,False,False,False,False
2.04,0.442604184150696,15.7543144226074,19.3898906707764,19.0738334655762,17.546443939209,10.3459568023682,9.60558032989502,,False,0,12.066618389099,False,0,True,False,False,False,False
2.06,0.446302145719528,15.7543144226074,19.3898906707764,19.0738334655762,17.546443939209,10.3459568023682,9.60558032989502,,False,0,11.9666330012075,False,0,True,False,False,False,False
2.08,0.450062394142151,15.4543170928955,19.572566986084,18.9756774902344,17.456148147583,10.6459550857544,9.69587516784668,,False,0,11.8666478517972,False,0,True,False,False,False,False
2.1,0.453886777162552,15.4543170928955,19.572566986084,18.9756774902344,17.456148147583,10.6459550857544,9.69587516784668,,False,0,11.7666629469475,False,0,True,False,False,False,False
2.12,0.457776457071304,15.2543382644653,19.6943454742432,18.9102439880371,17.3959541320801,10.8459539413452,9.75606918334961,,False,0,11.6666782929461,False,0,True,False,False,False,False
2.14,0.46173232793808,15.2543382644653,19.6943454742432,18.9102439880371,17.3959541320801,10.8459539413452,9.75606918334961,,False,0,11.5666938962982,False,0.025000000372529,True,False,False,False,False
2.16,0.407629430294037,15.172830581665,19.9795322418213,18.8003902435303,17.3582344055176,11.0604476928711,9.82974720001221,,False,0,11.4667038924996,False,0.025000000372529,True,False,False,False,False
2.18,0.353090554475784,15.172830581665,19.9795322418213,18.8003902435303,17.3582344055176,11.0604476928711,9.82974720001221,,False,0,11.3667129962942,False,0.025000000372529,True,False,False,False,False
2.2,0.298093944787979,15.172830581665,19.9795322418213,18.8003902435303,17.3582344055176,11.0604476928711,9.82974720001221,,False,0,11.2667199718525,False,0.025000000372529,True,False,False,False,False
2.22,0.242625743150711,15.1683597564697,20.4203128814697,18.6354541778564,17.3004474639893,11.3831548690796,9.94263172149658,,False,0,11.1667247567674,False,0.025000000372529,True,False,False,False,False
2.24,0.1866824477911,15.1683597564697,20.4203128814697,18.6354541778564,17.3004474639893,11.3831548690796,9.94263172149658,,False,0,11.0667284643172,False,0.025000000372529,True,False,False,False,False
2.26,0.130244314670563,42.8907279968262,20.7230834960938,18.5253963470459,17.261116027832,11.5989561080933,10.0194683074951,,False,0,10.9667298896732,False,0.025000000372529,True,False,False,False,False
2.28,0.0733026266098022,42.8907279968262,20.7230834960938,18.5253963470459,17.261116027832,11.5989561080933,10.0194683074951,,False,0,10.8667301692949,False,0,True,False,False,False,False
2.3,0.0739869475364685,42.6907272338867,20.8547763824463,18.4572067260742,17.1975860595703,11.7989568710327,10.0830059051514,,False,0,10.7667304560808,False,0,True,False,False,False,False
2.32,0.0746841207146645,42.6907272338867,20.8547763824463,18.4572067260742,17.1975860595703,11.7989568710327,10.0830059051514,,False,0,10.6667307502325,False,0,True,False,False,False,False
2.34,0.0753944963216782,42.4907264709473,20.9864711761475,18.3890151977539,17.1340484619141,11.9989585876465,10.1465425491333,,False,0,10.5667310519591,False,0,True,False,False,False,False
2.36,0.0761190205812454,42.4907264709473,20.9864711761475,18.3890151977539,17.1340484619141,11.9989585876465,10.1465425491333,,False,0,10.4667313614776,False,0,True,False,False,False,False
2.38,0.076856330037117,42.4907264709473,20.9864711761475,18.3890151977539,17.1340484619141,11.9989585876465,10.1465425491333,,False,0,10.3667316790137,False,0,True,False,False,False,False
2.4,0.0776086151599884,42.1907234191895,21.1840114593506,18.2867221832275,17.0387439727783,12.2989597320557,10.2418489456177,,False,0,10.2667320048015,False,0,True,False,False,False,False
2.42,0.0783756747841835,42.0907211303711,21.2498588562012,18.2526264190674,17.0069751739502,12.3989601135254,10.2736177444458,,False,0,10.1667323390845,False,0,True,False,False,False,False
2.44,0.0791580006480217,42.0907211303711,21.2498588562012,18.2526264190674,17.0069751739502,12.3989601135254,10.2736177444458,,False,0,10.066732682116,False,0,True,False,False,False,False
2.46,0.0799566507339478,42.0907211303711,21.2498588562012,18.2526264190674,17.0069751739502,12.3989601135254,10.2736177444458,,False,0,9.96673303415916,False,0,True,False,False,False,False
2.48,-0.000608645670581609,41.7907218933105,21.4473991394043,18.1503410339355,16.9116706848145,12.6989622116089,10.3689241409302,,False,0,9.96169429343038,False,0,True,False,False,False,False
2.5,359.918060302734,41.7907218933105,21.4473991394043,18.1503410339355,16.9116706848145,12.6989622116089,10.3689241409302,,False,0,9.9565633847281,False,0,True,False,False,False,False
2.52,359.835693359375,41.5907211303711,21.5790939331055,18.0821495056152,16.8481311798096,12.8989629745483,10.4324617385864,,False,0,9.9512687904119,False,0,True,False,False,False,False
2.54,359.751922607422,41.5907211303711,21.5790939331055,18.0821495056152,16.8481311798096,12.8989629745483,10.4324617385864,,False,0,9.94570632519082,False,0,True,False,False,False,False
2.56,359.666229248047,41.3907203674316,21.7107791900635,18.0139656066895,16.7845973968506,13.0989637374878,10.4959945678711,,False,0,9.93973587987534,False,0,True,False,False,False,False
2.58,359.577850341797,41.3907203674316,21.7107791900635,18.0139656066895,16.7845973968506,13.0989637374878,10.4959945678711,,False,0,9.93315389141788,False,0,True,False,False,False,False
2.6,359.485809326172,41.3907203674316,21.7107791900635,18.0139656066895,16.7845973968506,13.0989637374878,10.4959945678711,,False,0,9.92566415154314,False,0,True,False,False,False,False
2.62,359.388732910156,41.0907173156738,21.9083385467529,17.911678314209,16.6892929077148,13.398964881897,10.5913000106812,,False,0,9.91684690187589,False,0,True,False,False,False,False
2.64,359.284851074219,40.9907150268555,21.9741859436035,17.8775825500488,16.6575241088867,13.4989652633667,10.6230669021606,,False,0,9.90608551649712,False,0,True,False,False,False,False
2.66,359.171844482422,40.9907150268555,21.9741859436035,17.8775825500488,16.6575241088867,13.4989652633667,10.6230669021606,,False,0,9.89246721099335,False,0,True,False,False,False,False
2.68,359.046813964844,40.9907150268555,21.9741859436035,17.8775825500488,16.6575241088867,13.4989652633667,10.6230669021606,,False,0,9.87461802351195,False,0,True,False,False,False,False
2.7,358.906524658203,40.6907157897949,22.1717262268066,17.775297164917,16.5622158050537,13.7989673614502,10.7183723449707,,False,0,9.85045169317651,False,0,True,False,False,False,False
2.72,358.748199462891,40.6907157897949,22.1717262268066,17.775297164917,16.5622158050537,13.7989673614502,10.7183723449707,,False,0,9.81675999603367,False,0,True,False,False,False,False
2.74,358.571655273438,40.4907150268555,22.3034210205078,17.7071075439453,16.4986782073975,13.9989671707153,10.781909942627,,False,0,9.76865785658672,False,0,True,False,False,False,False
2.76,358.385681152344,40.4907150268555,22.3034210205078,17.7071075439453,16.4986782073975,13.9989671707153,10.781909942627,,False,0,9.69915256348308,False,0,True,False,False,False,False
2.78,358.225372314453,40.290714263916,22.435115814209,17.638916015625,16.4351406097412,14.1989688873291,10.8454465866089,,False,0,9.60138349579629,False,0,True,False,False,False,False
2.8,358.173645019531,40.290714263916,22.435115814209,17.638916015625,16.4351406097412,14.1989688873291,10.8454465866089,,False,0,9.49174651709117,False,0,True,False,False,False,False
2.82,358.129669189453,40.0907096862793,22.5668087005615,17.5707244873047,16.3716049194336,14.3989706039429,10.9089841842651,,False,0,9.361760664849,False,0,True,False,False,False,False
2.84,358.096710205078,40.0907096862793,22.5668087005615,17.5707244873047,16.3716049194336,14.3989706039429,10.9089841842651,,False,0,9.18753111874503,False,0,True,False,False,False,False
2.86,358.091247558594,40.0907096862793,22.5668087005615,17.5707244873047,16.3716049194336,14.3989706039429,10.9089841842651,,False,0,9.00190191530927,False,0,True,False,False,False,False
2.88,358.106140136719,39.7907104492188,22.7643489837646,17.4684391021729,16.2762985229492,14.6989727020264,11.0042905807495,,False,0,8.81110253185182,False,0,True,False,False,False,False
2.9,358.13525390625,39.6907081604004,22.8301963806152,17.4343433380127,16.2445297241211,14.7989730834961,11.0360593795776,,False,0,8.61764998123607,False,0,True,False,False,False,False
2.92,358.17431640625,39.6907081604004,22.8301963806152,17.4343433380127,16.2445297241211,14.7989730834961,11.0360593795776,,False,0,8.42275619097719,False,0,True,False,False,False,False
2.94,358.220642089844,39.6907081604004,22.8301963806152,17.4343433380127,16.2445297241211,14.7989730834961,11.0360593795776,,False,0,8.22706027959988,False,0,True,False,False,False,False
2.96,358.272583007813,39.3907089233398,23.027738571167,17.3320579528809,16.1492252349854,15.0989751815796,11.1313648223877,,False,0,8.030915129214,False,0,True,False,False,False,False
2.98,358.329193115234,39.3907089233398,23.027738571167,17.3320579528809,16.1492252349854,15.0989751815796,11.1313648223877,,False,0,7.8345262764904,False,0,True,False,False,False,False
3,358.389984130859,39.1907081604004,23.1594314575195,17.2638664245605,16.0856876373291,15.298975944519,11.1949024200439,,False,0,7.63801283050179,False,0,True,False,False,False,False
3.02,358.454772949219,39.1907081604004,23.1594314575195,17.2638664245605,16.0856876373291,15.298975944519,11.1949024200439,,False,0,7.44144459680856,False,0,True,False,False,False,False
3.04,358.523529052734,38.9907035827637,23.2911262512207,17.1956768035889,16.0221500396729,15.4989776611328,11.2584419250488,,False,0,7.24486314788251,False,0,True,False,False,False,False
3.06,358.596435546875,38.9907035827637,23.2911262512207,17.1956768035889,16.0221500396729,15.4989776611328,11.2584419250488,,False,0,7.04829986398114,False,0,True,False,False,False,False
3.08,358.673675537109,38.9907035827637,23.2911262512207,17.1956768035889,16.0221500396729,15.4989776611328,11.2584419250488,,False,0,6.85177330939829,False,0,True,False,False,False,False
3.1,358.755554199219,38.6907043457031,23.4886665344238,17.0933895111084,15.9268445968628,15.798978805542,11.3537473678589,,False,0,6.65529701597119,False,0,True,False,False,False,False
3.12,358.842498779297,38.5907020568848,23.5545177459717,17.059289932251,15.8950757980347,15.898980140686,11.3855152130127,,False,0,6.45888130841507,False,0,True,False,False,False,False
3.14,358.934906005859,38.5907020568848,23.5545177459717,17.059289932251,15.8950757980347,15.898980140686,11.3855152130127,,False,0,6.26253440206655,False,0,True,False,False,False,False
3.16,359.033294677734,38.5907020568848,23.5545177459717,17.059289932251,15.8950757980347,15.898980140686,11.3855152130127,,False,0,6.06626727641399,False,0,True,False,False,False,False
3.18,359.138244628906,38.2907028198242,23.7520580291748,16.9570045471191,15.7997703552246,16.1989822387695,11.4808216094971,,False,0,5.8700897970691,False,0,True,False,False,False,False
3.2,359.250457763672,38.2907028198242,23.7520580291748,16.9570045471191,15.7997703552246,16.1989822387695,11.4808216094971,,False,0,5.67400864700952,False,0,True,False,False,False,False
3.22,359.370697021484,38.0907020568848,23.883752822876,16.8888130187988,15.7362337112427,16.398983001709,11.5443592071533,,False,0,5.47803710950999,False,0,True,False,False,False,False
3.24,359.499786376953,38.0907020568848,23.883752822876,16.8888130187988,15.7362337112427,16.398983001709,11.5443592071533,,False,0,5.28218738461101,False,0,True,False,False,False,False
3.26,359.638824462891,37.890697479248,24.0154457092285,16.8206233978271,15.6726961135864,16.5989837646484,11.6078958511353,,False,0,5.08647464836851,False,0,True,False,False,False,False
3.28,359.789001464844,37.890697479248,24.0154457092285,16.8206233978271,15.6726961135864,16.5989837646484,11.6078958511353,,False,0,4.89091414954006,False,0,True,False,False,False,False
3.3,359.951629638672,37.890697479248,24.0154457092285,16.8206233978271,15.6726961135864,16.5989837646484,11.6078958511353,,False,0,4.69552490943991,False,0,True,False,False,False,False
3.32,0.128391042351723,37.5906982421875,24.2129878997803,16.7183361053467,15.5773906707764,16.8989849090576,11.7032032012939,,False,0,4.5003292345664,False,0,True,False,False,False,False
3.34,0.321176201105118,37.4906959533691,24.2788352966309,16.6842403411865,15.5456218719482,16.9989852905273,11.7349710464478,,False,0,4.30535345252155,False,0,True,False,False,False,False
3.36,0.532270550727844,37.4906959533691,24.2788352966309,16.6842403411865,15.5456218719482,16.9989852905273,11.7349710464478,,False,0,4.11062885336401,False,0,True,False,False,False,False
3.38,0.764405190944672,37.4906959533691,24.2788352966309,16.6842403411865,15.5456218719482,16.9989852905273,11.7349710464478,,False,0,3.91619290592303,False,0,True,False,False,False,False
3.4,1.02088057994843,37.1906967163086,24.476375579834,16.5819549560547,15.4503173828125,17.2989864349365,11.8302688598633,,False,0,3.72209084655633,False,0,True,False,False,False,False
3.42,1.30572688579559,37.0906944274902,24.5422229766846,16.5478591918945,15.4185466766357,17.3989868164063,11.8620376586914,,False,0,3.52837777894583,False,0,True,False,False,False,False
3.44,1.62390983104706,37.0906944274902,24.5422229766846,16.5478591918945,15.4185466766357,17.3989868164063,11.8620376586914,,False,0,3.33512148492709,False,0,True,False,False,False,False
3.46,1.98162043094635,37.0906944274902,24.5422229766846,16.5478591918945,15.4185466766357,17.3989868164063,11.8620376586914,,False,0,3.14240623962108,False,0,True,False,False,False,False
3.48,2.38667941093445,36.7906913757324,24.7397632598877,16.4455738067627,15.3232421875,17.6989879608154,11.9573431015015,,False,0,2.95033806837795,False,0,True,False,False,False,False
3.5,2.84910583496094,36.7906913757324,24.7397632598877,16.4455738067627,15.3232421875,17.6989879608154,11.9573431015015,,False,0,2.75905211040935,False,0,True,False,False,False,False
3.52,3.38193869590759,36.7906913757324,24.7397632598877,16.4455738067627,15.3232421875,17.6989879608154,11.9573431015015,,False,0,2.56872311966703,False,0,True,False,False,False,False
3.54,4.00246334075928,36.4906921386719,24.9373035430908,16.3432865142822,15.2279357910156,17.9989891052246,12.0526485443115,,False,0,2.37958073416161,False,0,True,False,False,False,False
3.56,4.73408126831055,36.4000930786133,24.9969615936279,16.3123970031738,15.1991539001465,18.0895881652832,12.081431388855,,False,0,2.19193215282722,False,0,False,False,False,False,False
3.58,5.58265018463135,36.4000930786133,24.9969615936279,16.3123970031738,15.1991539001465,18.0895881652832,12.081431388855,,False,0,2.01539263355766,False,0.0750000029802322,False,False,False,False,False
3.6,6.36031436920166,36.4000930786133,24.9969615936279,16.3123970031738,15.1991539001465,18.0895881652832,12.081431388855,,False,0,1.85605788295993,False,0.0750000029802322,False,False,False,False,False
3.62,7.31983089447021,36.4094429016113,26.1464023590088,16.0728759765625,15.2232341766357,18.4329032897949,12.2339115142822,,False,0,1.69926906210533,False,0.0750000029802322,False,False,False,False,False
3.64,8.52011489868164,36.4534530639648,26.6673564910889,15.9810209274292,15.2465391159058,18.5539379119873,12.29323387146,,False,0,1.54577026369372,False,0.100000001490116,False,False,False,False,False
3.66,9.90822410583496,36.4534530639648,26.6673564910889,15.9810209274292,15.2465391159058,18.5539379119873,12.29323387146,,False,0,1.40564444334995,False,0.25,False,False,False,False,False
3.68,11.1414241790771,36.4534530639648,26.6673564910889,15.9810209274292,15.2465391159058,18.5539379119873,12.29323387146,,False,0,1.28412532615415,False,0.25,False,False,False,False,False
3.7,12.7816905975342,36.7533378601074,31.0707588195801,15.4664726257324,15.5787105560303,19.1833896636963,12.6666593551636,,False,0,1.16832294815776,False,0.25,False,False,False,False,False
3.72,14.9804487228394,36.7533378601074,31.0707588195801,15.4664726257324,15.5787105560303,19.1833896636963,12.6666593551636,,False,0,1.06002427138617,False,0.699999988079071,False,False,False,False,False
3.74,16.2419815063477,28.6629295349121,35.4157218933105,14.8158922195435,16.524995803833,20.4646606445313,13.4972219467163,,False,0,0.973385911975715,False,0.699999988079071,False,False,False,False,False
3.76,18.1163578033447,28.6629295349121,35.4157218933105,14.8158922195435,16.524995803833,20.4646606445313,13.4972219467163,,False,0,0.896710334977382,False,0.325000017881393,False,False,False,False,False
3.78,21.7882804870605,26.0915870666504,34.8956871032715,14.5911741256714,17.081995010376,21.2456150054932,14.007848739624,,False,0,0.840534886992818,False,0.325000017881393,False,False,False,False,False
3.8,26.5791358947754,26.0915870666504,34.8956871032715,14.5911741256714,17.081995010376,21.2456150054932,14.007848739624,,False,0,0.79879084792825,False,0.675000011920929,False,False,False,False,False
3.82,30.3820476531982,22.2389507293701,34.2736053466797,14.3290433883667,18.634069442749,18.2415752410889,15.2798757553101,,False,0,0.781577113306177,False,0.675000011920929,False,False,False,False,False
3.84,34.8263320922852,22.2389507293701,34.2736053466797,14.3290433883667,18.634069442749,18.2415752410889,15.2798757553101,,False,0,0.778952549635298,False,0.574999988079071,False,False,False,False,False
3.86,39.5044708251953,19.9594821929932,7.58583498001099,14.2778348922729,20.459753036499,16.3665218353271,16.7714653015137,,False,0,0.796423926253914,False,0.574999988079071,False,False,False,False,False
3.88,44.2772941589355,19.9594821929932,7.58583498001099,14.2778348922729,20.459753036499,16.3665218353271,16.7714653015137,,False,0,0.825782529109682,False,1.27499997615814,False,False,False,False,False
3.9,44.0596733093262,16.7738475799561,7.18271636962891,14.6874723434448,20.8755302429199,13.7435932159424,22.388463973999,,False,0,0.865994669302619,False,1.27499997615814,False,False,False,False,False
3.92,43.0692825317383,16.7738475799561,7.18271636962891,14.6874723434448,20.8755302429199,13.7435932159424,22.388463973999,,False,0,0.915410414421043,False,0.850000023841858,False,False,False,False,False
3.94,43.9993057250977,16.7738475799561,7.18271636962891,14.6874723434448,20.8755302429199,13.7435932159424,22.388463973999,,False,0,0.972627967977815,False,0.850000023841858,False,False,False,False,False
3.96,44.1910514831543,15.0855751037598,32.3440170288086,15.927565574646,18.8053874969482,12.3715572357178,36.036937713623,,False,0,1.03635591330727,False,0.850000023841858,False,False,False,False,False
3.98,43.7024040222168,15.0855751037598,32.3440170288086,15.927565574646,18.8053874969482,12.3715572357178,36.036937713623,,False,0,1.10546889223236,False,1.35000002384186,False,False,False,False,False
4,39.6322135925293,14.3466758728027,22.374137878418,18.5818462371826,17.8915824890137,11.7628479003906,34.2590522766113,,False,0,1.17902028906722,False,1.35000002384186,False,False,False,False,False
4.02,35.5158004760742,14.3466758728027,22.374137878418,18.5818462371826,17.8915824890137,11.7628479003906,34.2590522766113,,False,0,1.25623074714122,False,0.800000011920929,False,False,False,False,False
4.04,34.1306076049805,14.3028297424316,19.3277626037598,21.2478847503662,17.842565536499,11.727144241333,7.23596572875977,,False,0,1.33646624191785,False,0.800000011920929,False,False,False,False,False
4.06,32.5060234069824,14.3028297424316,19.3277626037598,21.2478847503662,17.842565536499,11.727144241333,7.23596572875977,,False,0,1.41921380320276,False,0.699999988079071,False,False,False,False,False
4.08,31.1723079681396,14.3028297424316,19.3277626037598,21.2478847503662,17.842565536499,11.727144241333,7.23596572875977,,False,0,1.50405887528004,False,0.699999988079071,False,False,False,False,False
4.1,29.6902828216553,14.6757068634033,16.822940826416,20.966703414917,18.3166961669922,12.0353593826294,7.1263575553894,,False,0,1.59066585400839,False,0.699999988079071,False,False,False,False,False
4.12,28.1073017120361,14.8508996963501,16.3520336151123,20.4116554260254,18.5378341674805,12.1800374984741,7.46298027038574,,False,0,1.67876207236166,False,0.525000035762787,False,False,False,False,False
4.14,27.1689414978027,14.8508996963501,16.3520336151123,20.4116554260254,18.5378341674805,12.1800374984741,7.46298027038574,,False,0,1.76812494179115,False,1.125,False,False,False,False,False
4.16,23.843994140625,14.8508996963501,16.3520336151123,20.4116554260254,18.5378341674805,12.1800374984741,7.46298027038574,,False,0,1.85857176392523,False,1.125,False,False,False,False,False
4.18,20.7335014343262,16.978120803833,14.6119441986084,18.2567882537842,21.213191986084,13.9360313415527,26.4331474304199,,False,0,1.94995170997348,False,1.125,False,False,False,False,False
4.2,17.8139419555664,16.978120803833,14.6119441986084,18.2567882537842,21.213191986084,13.9360313415527,26.4331474304199,,False,0,2.04213951983915,False,0.725000023841858,False,False,False,False,False
4.22,16.2294406890869,16.978120803833,14.6119441986084,18.2567882537842,21.213191986084,13.9360313415527,26.4331474304199,,False,0,2.13503054859685,False,0.725000023841858,False,False,False,False,False
4.24,14.6612672805786,19.7195243835449,14.2784862518311,17.8518867492676,16.9952125549316,16.1702976226807,20.7190074920654,,False,0,2.2285368621781,False,0.725000023841858,False,False,False,False,False
4.26,13.1123275756836,21.8082218170166,14.3085908889771,17.8955841064453,15.5109786987305,17.8909931182861,18.9011840820313,,False,0,2.32258414840528,False,1.10000002384186,False,False,False,False,False
4.28,10.6007175445557,21.8082218170166,14.3085908889771,17.8955841064453,15.5109786987305,17.8909931182861,18.9011840820313,,False,0,2.41710926200135,False,0.600000023841858,False,False,False,False,False
4.3,9.43676662445068,21.7595748901367,14.4938812255859,18.1340103149414,14.3001050949097,20.4821319580078,17.4165458679199,,False,0,2.51205826369017,False,0.600000023841858,False,False,False,False,False
4.32,8.27161121368408,21.7595748901367,14.4938812255859,18.1340103149414,14.3001050949097,20.4821319580078,17.4165458679199,,False,0,2.60738484570032,False,0.625,False,False,False,False,False
4.34,7.04510259628296,21.7595748901367,14.4938812255859,18.1340103149414,14.3001050949097,20.4821319580078,17.4165458679199,,False,0,2.70304906072631,False,0.625,False,False,False,False,False
4.36,5.82003498077393,19.7815799713135,15.1303148269653,18.9410133361816,13.0043497085571,27.216817855835,15.8017702102661,,False,0,2.79901629032261,False,0.625,False,False,False,False,False
4.38,4.59520959854126,19.7815799713135,15.1303148269653,18.9410133361816,13.0043497085571,27.216817855835,15.8017702102661,,False,0,2.89525640315007,False,0.75,False,False,False,False,False
4.4,3.07746267318726,18.7751655578613,16.0016784667969,20.0405597686768,12.3466901779175,35.8292121887207,14.9913101196289,,False,0,2.99174306453007,False,0.75,False,False,False,False,False
4.42,1.56057298183441,18.7751655578613,16.0016784667969,20.0405597686768,12.3466901779175,35.8292121887207,14.9913101196289,,False,0,3.08845316720818,False,0.0750000029802322,False,False,False,False,False
4.44,1.59536230564117,18.6973857879639,16.1099414825439,20.1770095825195,12.295973777771,35.6803779602051,14.9285717010498,,False,0,3.18536635971514,False,0.0750000029802322,False,False,False,False,False
4.46,1.61785280704498,18.6973857879639,16.1099414825439,20.1770095825195,12.295973777771,35.6803779602051,14.9285717010498,,False,0,3.28246465371126,False,0.150000005960464,False,False,False,False,False
4.48,1.45577931404114,18.553201675415,16.3394470214844,20.4661712646484,12.2020215988159,35.4044761657715,14.8122062683105,,False,0,3.37973209556834,False,0.150000005960464,False,False,False,False,False
4.5,1.28346705436707,18.553201675415,16.3394470214844,20.4661712646484,12.2020215988159,35.4044761657715,14.8122062683105,,False,0,3.4771544904502,False,0.0750000029802322,False,False,False,False,False
4.52,1.27486753463745,18.4866542816162,16.4609470367432,20.619213104248,12.1587009429932,35.2771530151367,14.7584638595581,,False,0,3.57471916950036,False,0.0750000029802322,False,False,False,False,False
4.54,1.25751793384552,18.4866542816162,16.4609470367432,20.619213104248,12.1587009429932,35.2771530151367,14.7584638595581,,False,0,3.67241479258824,False,0.25,True,False,False,False,False
4.56,0.831853210926056,18.4866542816162,16.4609470367432,20.619213104248,12.1587009429932,35.2771530151367,14.7584638595581,,False,0,3.75420797449931,False,0.25,True,False,False,False,False
4.58,0.397681921720505,18.1591873168945,17.1294994354248,21.1626243591309,11.9876880645752,34.7900733947754,14.5216693878174,,False,0,3.83610866313405,False,0.25,True,False,False,False,False
4.6,359.955383300781,18.1591873168945,17.1294994354248,21.1626243591309,11.9876880645752,34.7900733947754,14.5216693878174,,False,0,3.91811232617273,False,0.125,True,False,False,False,False
4.62,359.794006347656,18.0335998535156,17.3747692108154,20.5158500671387,11.9489631652832,34.699390411377,14.4521188735962,,False,0,3.9904506009437,False,0.125,True,False,False,False,False
4.64,359.626251220703,18.0335998535156,17.3747692108154,20.5158500671387,11.9489631652832,34.699390411377,14.4521188735962,,False,0,4.06288096461922,False,0.150000005960464,True,False,False,False,False
4.66,359.392242431641,17.8747634887695,17.688289642334,19.8061237335205,11.9119987487793,34.6338577270508,14.3767528533936,,False,0,4.12004218462503,False,0.150000005960464,True,False,False,False,False
4.68,359.151672363281,17.8747634887695,17.688289642334,19.8061237335205,11.9119987487793,34.6338577270508,14.3767528533936,,False,0,4.17728769363101,False,0,True,False,False,False,False
4.7,359.251678466797,17.764591217041,17.6680355072021,19.83349609375,11.9284610748291,34.7440299987793,14.3602905273438,,False,0,4.22067218094802,False,0,True,False,False,False,False
4.72,359.349609375,17.764591217041,17.6680355072021,19.83349609375,11.9284610748291,34.7440299987793,14.3602905273438,,False,0,4.26411587848827,False,0.0500000007450581,True,False,False,False,False
4.74,359.327209472656,17.6110534667969,17.7599124908447,19.6344223022461,11.9324388504028,34.8311729431152,14.3230724334717,,False,0,4.29713777944566,False,0.0500000007450581,True,False,False,False,False
4.76,359.301635742188,17.6110534667969,17.7599124908447,19.6344223022461,11.9324388504028,34.8311729431152,14.3230724334717,,False,0,4.33021786985403,False,0.100000001490116,True,False,False,False,False
4.78,359.152862548828,17.6110534667969,17.7599124908447,19.6344223022461,11.9324388504028,34.8311729431152,14.3230724334717,,False,0,4.34761925351437,False,0.100000001490116,True,False,False,False,False
4.8,358.999084472656,17.30885887146,18.0843181610107,19.0309562683105,11.9237184524536,34.9589881896973,14.2444887161255,,False,0,4.36508780737478,False,0.100000001490116,True,False,False,False,False
4.82,358.840393066406,17.205265045166,18.1665382385254,18.891939163208,11.9251203536987,35.0247497558594,14.2241458892822,,False,0,4.38262065166791,False,0.0750000029802322,True,False,False,False,False
4.84,358.732727050781,17.205265045166,18.1665382385254,18.891939163208,11.9251203536987,35.0247497558594,14.2241458892822,,False,0,4.39046558330688,False,0.0750000029802322,True,False,False,False,False
4.86,358.618438720703,17.205265045166,18.1665382385254,18.891939163208,11.9251203536987,35.0247497558594,14.2241458892822,,False,0,4.38945744847385,False,0.0750000029802322,True,False,False,False,False
4.88,358.500183105469,16.8726139068604,18.424633026123,18.491174697876,11.9313220977783,35.2576217651367,14.1679878234863,,False,0,4.38850793256218,False,0.0750000029802322,True,False,False,False,False
4.9,358.377960205078,16.8726139068604,18.424633026123,18.491174697876,11.9313220977783,35.2576217651367,14.1679878234863,,False,0,4.38761355900819,False,0,True,False,False,False,False
4.92,358.429107666016,16.6726112365723,18.4018745422363,18.5182952880859,11.9488210678101,35.4576225280762,14.1504898071289,,False,0,4.38673553202253,False,0,True,False,False,False,False
4.94,358.480255126953,16.6726112365723,18.4018745422363,18.5182952880859,11.9488210678101,35.4576225280762,14.1504898071289,,False,0,4.38587386142266,False,0,True,False,False,False,False
4.96,358.531402587891,16.6726112365723,18.4018745422363,18.5182952880859,11.9488210678101,35.4576225280762,14.1504898071289,,False,0,4.38502855685082,False,0,True,False,False,False,False
4.98,358.582550048828,16.3726062774658,18.3677387237549,18.5589771270752,11.9750709533691,35.757625579834,14.1242399215698,,False,0,4.38419962777347,False,0,True,False,False,False,False
5,358.633728027344,16.3726062774658,18.3677387237549,18.5589771270752,11.9750709533691,35.757625579834,14.1242399215698,,False,0,4.38338708348076,False,0,True,False,False,False,False
5.02,358.684906005859,16.1726036071777,18.3449821472168,18.5860977172852,11.9925689697266,35.9576301574707,14.1067409515381,,False,0,4.38259093308604,False,0,True,False,False,False,False
5.04,358.736114501953,16.1726036071777,18.3449821472168,18.5860977172852,11.9925689697266,35.9576301574707,14.1067409515381,,False,0,4.38181118552536,False,0.0500000007450581,True,False,False,False,False
5.06,358.669250488281,15.9609327316284,18.4593486785889,18.4208526611328,12.0003986358643,36.1315155029297,14.0799922943115,,False,0,4.38107158101401,False,0.0500000007450581,True,False,False,False,False
5.08,358.599761962891,15.9609327316284,18.4593486785889,18.4208526611328,12.0003986358643,36.1315155029297,14.0799922943115,,False,0,4.38036594597139,False,0,True,False,False,False,False
5.1,358.645751953125,15.9609327316284,18.4593486785889,18.4208526611328,12.0003986358643,36.1315155029297,14.0799922943115,,False,0,4.37967353552933,False,0,True,False,False,False,False
5.12,358.691741943359,15.660927772522,18.4283905029297,18.4570980072021,12.0240125656128,36.4315185546875,14.056378364563,,False,0,4.37899435596115,False,0,True,False,False,False,False
5.14,358.737731933594,15.5609264373779,18.4180717468262,18.469181060791,12.0318832397461,36.5315208435059,14.0485076904297,,False,0,4.3783284134241,False,0,True,False,False,False,False
5.16,358.783752441406,15.5609264373779,18.4180717468262,18.469181060791,12.0318832397461,36.5315208435059,14.0485076904297,,False,0,4.37767571395911,False,0,True,False,False,False,False
5.18,358.829772949219,15.5609264373779,18.4180717468262,18.469181060791,12.0318832397461,36.5315208435059,14.0485076904297,,False,0,4.37703626349053,False,0,True,False,False,False,False
5.2,358.875793457031,15.2609214782715,18.387113571167,18.505428314209,12.0554962158203,36.8315238952637,14.0248947143555,,False,0,4.37641006782596,False,0,True,False,False,False,False
5.22,358.921844482422,15.2609214782715,18.387113571167,18.505428314209,12.0554962158203,36.8315238952637,14.0248947143555,,False,0,4.37579713265588,False,0.0500000007450581,True,False,False,False,False
5.24,358.849884033203,15.0510663986206,18.5063800811768,18.341402053833,12.0624513626099,37.0076103210449,14.0010366439819,,False,0,4.37521820523721,False,0.0500000007450581,True,False,False,False,False
5.26,358.775268554688,15.0510663986206,18.5063800811768,18.341402053833,12.0624513626099,37.0076103210449,14.0010366439819,,False,0,4.37466735649104,False,0,True,False,False,False,False
5.28,358.816101074219,15.0510663986206,18.5063800811768,18.341402053833,12.0624513626099,37.0076103210449,14.0010366439819,,False,0,4.37412692133382,False,0,True,False,False,False,False
5.3,358.856903076172,14.7510614395142,18.478645324707,18.3733062744141,12.0834331512451,37.3076133728027,13.980052947998,,False,0,4.37359690362587,False,0,True,False,False,False,False
5.32,358.897735595703,14.6510591506958,18.4694023132324,18.3839416503906,12.0904273986816,37.4076156616211,13.9730606079102,,False,0,4.37307730715496,False,0,True,False,False,False,False
5.34,358.938568115234,14.6510591506958,18.4694023132324,18.3839416503906,12.0904273986816,37.4076156616211,13.9730606079102,,False,0,4.37256813563622,False,0,True,False,False,False,False
5.36,358.979400634766,14.6510591506958,18.4694023132324,18.3839416503906,12.0904273986816,37.4076156616211,13.9730606079102,,False,0,4.37206939271187,False,0,True,False,False,False,False
5.38,359.020233154297,14.3510541915894,18.4416675567627,18.4158458709717,12.1114091873169,37.7076225280762,13.9520778656006,,False,0,4.37158108195125,False,0,True,False,False,False,False
5.4,359.061096191406,14.3510541915894,18.4416675567627,18.4158458709717,12.1114091873169,37.7076225280762,13.9520778656006,,False,0,4.37110320685059,False,0,True,False,False,False,False
5.42,359.101959228516,14.151050567627,18.4231777191162,18.4371147155762,12.1253967285156,37.9076232910156,13.9380903244019,,False,0,4.37063577083296,False,0,True,False,False,False,False
5.44,359.142791748047,14.151050567627,18.4231777191162,18.4371147155762,12.1253967285156,37.9076232910156,13.9380903244019,,False,0,4.37017877724804,False,0,True,False,False,False,False
5.46,359.183654785156,14.151050567627,18.4231777191162,18.4371147155762,12.1253967285156,37.9076232910156,13.9380903244019,,False,0,4.36973222937209,False,0,True,False,False,False,False
5.48,359.224548339844,13.8510456085205,18.3954429626465,18.3081359863281,12.1463785171509,38.2076301574707,13.9171075820923,,False,0,4.36929613040781,False,0,True,False,False,False,False
5.5,359.265411376953,13.8510456085205,18.3954429626465,18.3081359863281,12.1463785171509,38.2076301574707,13.9171075820923,,False,0,4.36887048348421,False,0,True,False,False,False,False
5.52,359.306304931641,13.6510419845581,18.3769550323486,18.043773651123,12.1603670120239,38.4076347351074,13.9031209945679,,False,0,4.36845529165652,False,0,True,False,False,False,False
5.54,359.34716796875,13.6510419845581,18.3769550323486,18.043773651123,12.1603670120239,38.4076347351074,13.9031209945679,,False,0,4.36805055790608,False,0,True,False,False,False,False
5.56,359.388061523438,13.4510383605957,18.3584651947021,17.7794075012207,12.1743545532227,38.6076354980469,13.8891315460205,,False,0,4.36765628514022,False,0,True,False,False,False,False
5.58,359.428955078125,13.4510383605957,18.3584651947021,17.7794075012207,12.1743545532227,38.6076354980469,13.8891315460205,,False,0,4.36727247619215,False,0,True,False,False,False,False
5.6,359.469848632813,13.2510347366333,18.3399753570557,17.5150451660156,12.1883430480957,38.8076400756836,13.8751440048218,,False,0,4.36689913382089,False,0,True,False,False,False,False
5.62,359.510772705078,13.2510347366333,18.3399753570557,17.5150451660156,12.1883430480957,38.8076400756836,13.8751440048218,,False,0,4.36653626071113,False,0,True,False,False,False,False
5.64,359.551666259766,13.2510347366333,18.3399753570557,17.5150451660156,12.1883430480957,38.8076400756836,13.8751440048218,,False,0,4.36618385947318,False,0,True,False,False,False,False
5.66,359.592590332031,12.9510297775269,18.3122406005859,17.118501663208,12.2093257904053,39.1076469421387,13.8541612625122,,False,0,4.36584193264284,False,0,True,False,False,False,False
5.68,359.633514404297,12.9510297775269,18.3122406005859,17.118501663208,12.2093257904053,39.1076469421387,13.8541612625122,,False,0,4.36551048268131,False,0,True,False,False,False,False
5.7,359.674438476563,12.9510297775269,18.3122406005859,17.118501663208,12.2093257904053,39.1076469421387,13.8541612625122,,False,0,4.36518951197514,False,0,True,False,False,False,False
5.72,359.715362548828,12.6510248184204,18.2845058441162,16.7219581604004,12.2303075790405,39.4076499938965,13.833179473877,,False,0,4.36487902283608,False,0,True,False,False,False,False
5.74,359.756286621094,12.5510225296021,18.2752628326416,16.5897769927979,12.2373018264771,39.5076522827148,13.8261852264404,,False,0,4.36457901750107,False,0,True,False,False,False,False
5.76,359.797210693359,12.5510225296021,18.2752628326416,16.5897769927979,12.2373018264771,39.5076522827148,13.8261852264404,,False,0,4.36428949813211,False,0,True,False,False,False,False
5.78,359.838165283203,12.5510225296021,18.2752628326416,16.5897769927979,12.2373018264771,39.5076522827148,13.8261852264404,,False,0,4.3640104668162,False,0,True,False,False,False,False
5.8,359.879119873047,12.2510175704956,18.2475280761719,16.1932353973389,12.2582845687866,39.8076591491699,13.8052024841309,,False,0,4.36374192556525,False,0,True,False,False,False,False
5.82,359.920074462891,12.2510175704956,18.2475280761719,16.1932353973389,12.2582845687866,39.8076591491699,13.8052024841309,,False,0,4.36348387631602,False,0,True,False,False,False,False
5.84,359.961029052734,12.0510139465332,18.2290382385254,15.9288730621338,12.272271156311,40.0076599121094,13.7912149429321,,False,0,4.36323632093006,False,0,True,False,False,False,False
5.86,0.00197826372459531,12.0510139465332,18.2290382385254,15.9288730621338,12.272271156311,40.0076599121094,13.7912149429321,,False,0,4.36299926119362,False,0,True,False,False,False,False
5.88,0.0429421663284302,12.0510139465332,18.2290382385254,15.9288730621338,12.272271156311,40.0076599121094,13.7912149429321,,False,0,4.36277269881762,False,0,True,False,False,False,False
5.9,0.0839105695486069,11.7510089874268,17.8678531646729,15.5323295593262,12.2932538986206,40.3076667785645,13.7702312469482,,False,0,4.36255663543754,False,0,True,False,False,False,False
5.92,0.124883063137531,11.7510089874268,17.8678531646729,15.5323295593262,12.2932538986206,40.3076667785645,13.7702312469482,,False,0,4.36235107261339,False,0,True,False,False,False,False
5.94,0.165859639644623,11.5510053634644,17.56374168396,15.2679672241211,12.3072414398193,40.5076713562012,13.7562446594238,,False,0,4.3621560118297,False,0,True,False,False,False,False
5.96,0.20684090256691,11.5510053634644,17.56374168396,15.2679672241211,12.3072414398193,40.5076713562012,13.7562446594238,,False,0,4.36197145449532,False,0,True,False,False,False,False
5.98,0.247825816273689,11.351001739502,17.2596282958984,15.0036058425903,12.3212299346924,40.7076721191406,13.7422580718994,,False,0,4.36179740194353,False,0,True,False,False,False,False
6,0.288815379142761,11.351001739502,17.2596282958984,15.0036058425903,12.3212299346924,40.7076721191406,13.7422580718994,,False,0,4.36163385543196,False,0,True,False,False,False,False
6.02,0.329808503389359,11.1509981155396,16.9555149078369,14.7392435073853,12.3352174758911,40.9076766967773,13.7282695770264,,False,0,4.36148081614246,False,0,True,False,False,False,False
6.04,0.370806008577347,11.1509981155396,16.9555149078369,14.7392435073853,12.3352174758911,40.9076766967773,13.7282695770264,,False,0,4.36133828518111,False,0,True,False,False,False,False
6.06,0.411807179450989,11.1509981155396,16.9555149078369,14.7392435073853,12.3352174758911,40.9076766967773,13.7282695770264,,False,0,4.3612062635782,False,0,True,False,False,False,False
6.08,0.452812671661377,10.8509931564331,16.4993457794189,14.342700958252,12.3561964035034,41.2076835632324,13.7072868347168,,False,0,4.36108475228818,False,0,True,False,False,False,False
6.1,0.493821710348129,10.8509931564331,16.4993457794189,14.342700958252,12.3561964035034,41.2076835632324,13.7072868347168,,False,0,4.36097375218961,False,0,True,False,False,False,False
6.12,0.534834980964661,10.8509931564331,16.4993457794189,14.342700958252,12.3561964035034,41.2076835632324,13.7072868347168,,False,0,4.36087326408509,False,0,True,False,False,False,False
6.14,0.575852036476135,10.5509881973267,16.043176651001,13.9461574554443,12.3771781921387,41.5076866149902,13.6863050460815,,False,0,4.36078328870137,False,0,True,False,False,False,False
6.16,0.616872370243073,10.5509881973267,16.043176651001,13.9461574554443,12.3771781921387,41.5076866149902,13.6863050460815,,False,0,4.36070382668917,False,0,True,False,False,False,False
6.18,0.657896995544434,10.3509845733643,15.7390632629395,13.6817960739136,12.3911666870117,41.707691192627,13.6723155975342,,False,0,4.36063487862323,False,0,True,False,False,False,False
6.2,0.698925077915192,10.3509845733643,15.7390632629395,13.6817960739136,12.3911666870117,41.707691192627,13.6723155975342,,False,0,4.36057644500233,False,0,True,False,False,False,False
6.22,0.739956855773926,10.1509799957275,15.4349498748779,13.4174337387085,12.4051551818848,41.9076957702637,13.6583280563354,,False,0,4.36052852624909,False,0,True,False,False,False,False
6.24,0.780992209911346,10.1509799957275,15.4349498748779,13.4174337387085,12.4051551818848,41.9076957702637,13.6583280563354,,False,0,4.3604911227102,False,0,True,False,False,False,False
6.26,0.822031199932098,9.95097637176514,15.1308374404907,13.1530714035034,12.4191427230835,42.1076965332031,13.644341468811,,False,0,4.36046423465617,False,0,True,False,False,False,False
6.28,0.863073706626892,9.95097637176514,15.1308374404907,13.1530714035034,12.4191427230835,42.1076965332031,13.644341468811,,False,0,4.36044786228165,False,0,True,False,False,False,False
6.3,0.904119849205017,9.95097637176514,15.1308374404907,13.1530714035034,12.4191427230835,42.1076965332031,13.644341468811,,False,0,4.36044200570506,False,0,True,False,False,False,False
6.32,0.945168972015381,9.65097141265869,14.6746673583984,12.7565288543701,12.4401245117188,42.4077033996582,13.6233577728271,,False,0,4.36044666496876,False,0,True,False,False,False,False
6.34,0.9862220287323,9.65097141265869,14.6746673583984,12.7565288543701,12.4401245117188,42.4077033996582,13.6233577728271,,False,0,4.36046184003903,False,0,True,False,False,False,False
6.36,1.02727782726288,9.45096778869629,14.3705549240112,12.492166519165,12.4541130065918,42.6077079772949,13.6093692779541,,False,0,4.3604875308061,False,0,True,False,False,False,False
6.38,1.06833779811859,9.45096778869629,14.3705549240112,12.492166519165,12.4541130065918,42.6077079772949,13.6093692779541,,False,0,4.36052373708409,False,0,True,False,False,False,False
6.4,1.10940039157867,9.45096778869629,14.3705549240112,12.492166519165,12.4541130065918,42.6077079772949,13.6093692779541,,False,0,4.36057045861107,False,0,True,False,False,False,False
6.42,1.15046656131744,9.15096378326416,13.9143848419189,12.0956239700317,12.4750947952271,42.9077110290527,13.5883884429932,,False,0,4.36062769504904,False,0,True,False,False,False,False
6.44,1.19153571128845,9.15096378326416,13.9143848419189,12.0956239700317,12.4750947952271,42.9077110290527,13.5883884429932,,False,0,4.36069544598397,False,0,True,False,False,False,False
6.46,1.23260855674744,8.95096015930176,13.6102724075317,11.8312616348267,12.4890823364258,43.1077156066895,13.5743980407715,,False,0,4.36077371092579,False,0,True,False,False,False,False
6.48,1.27368378639221,8.95096015930176,13.6102724075317,11.8312616348267,12.4890823364258,43.1077156066895,13.5743980407715,,False,0,4.3608624893084,False,0,True,False,False,False,False
6.5,1.31476199626923,8.95096015930176,13.6102724075317,11.8312616348267,12.4890823364258,43.1077156066895,13.5743980407715,,False,0,4.36096178048971,False,0,True,False,False,False,False
6.52,1.35584354400635,8.65095520019531,13.1541023254395,11.4347190856934,12.5100631713867,43.4077224731445,13.5534162521362,,False,0,4.36107158375168,False,0,True,False,False,False,False
6.54,1.39692866802216,8.65095520019531,13.1541023254395,11.4347190856934,12.5100631713867,43.4077224731445,13.5534162521362,,False,0,4.3611918983003,False,0.025000000372529,True,False,False,False,False
6.56,1.37895357608795,8.44841957092285,12.7858819961548,11.2129487991333,12.5198650360107,43.5948715209961,13.5359125137329,,False,0,4.36131463455018,False,0.025000000372529,True,False,False,False,False
6.58,1.3596339225769,8.44841957092285,12.7858819961548,11.2129487991333,12.5198650360107,43.5948715209961,13.5359125137329,,False,0,4.36143504995267,False,0.025000000372529,True,False,False,False,False
6.6,1.33899307250977,8.24610042572021,12.4214572906494,10.9896078109741,12.5290241241455,43.7828102111816,13.519552230835,,False,0,4.36155213129468,False,0.025000000372529,True,False,False,False,False
6.62,1.31703078746796,8.24610042572021,12.4214572906494,10.9896078109741,12.5290241241455,43.7828102111816,13.519552230835,,False,0,4.36166496280444,False,0,True,False,False,False,False
6.64,1.35279548168182,8.04610061645508,12.1201887130737,10.7230663299561,12.5412540435791,43.9828109741211,13.5073223114014,,False,0,4.36178576275093,False,0,True,False,False,False,False
6.66,1.38856184482574,8.04610061645508,12.1201887130737,10.7230663299561,12.5412540435791,43.9828109741211,13.5073223114014,,False,0,4.36191834503017,False,0,True,False,False,False,False
6.68,1.42433035373688,8.04610061645508,12.1201887130737,10.7230663299561,12.5412540435791,43.9828109741211,13.5073223114014,,False,0,4.36205507986096,False,0,True,False,False,False,False
6.7,1.4601001739502,7.74609470367432,11.6682777404785,10.3232488632202,12.5595979690552,44.2828140258789,13.488977432251,,False,0,4.36219978100465,False,0,True,False,False,False,False
6.72,1.49587190151215,7.74609470367432,11.6682777404785,10.3232488632202,12.5595979690552,44.2828140258789,13.488977432251,,False,0,4.3623524476685,False,0,True,False,False,False,False
6.74,1.53164565563202,7.54609060287476,11.3670034408569,10.0567026138306,12.5718278884888,44.4828186035156,13.4767475128174,,False,0,4.36251307901624,False,0,True,False,False,False,False
6.76,1.56742084026337,7.54609060287476,11.3670034408569,10.0567026138306,12.5718278884888,44.4828186035156,13.4767475128174,,False,0,4.36268167416812,False,0,True,False,False,False,False
6.78,1.60319817066193,7.54609060287476,11.3670034408569,10.0567026138306,12.5718278884888,44.4828186035156,13.4767475128174,,False,0,4.36285823220088,False,0,True,False,False,False,False
6.8,1.63897633552551,7.24608421325684,10.9150915145874,9.65687561035156,12.5901727676392,44.7828254699707,13.4584035873413,,False,0,4.36304275214784,False,0,True,False,False,False,False
6.82,1.67475640773773,7.24608421325684,10.9150915145874,9.65687561035156,12.5901727676392,44.7828254699707,13.4584035873413,,False,0,4.36323523299887,False,0.025000000372529,True,False,False,False,False
6.84,1.65142178535461,7.04423332214355,10.5617780685425,9.42676448822021,12.5986795425415,44.9712867736816,13.4431982040405,,False,0,4.36342344868375,False,0.025000000372529,True,False,False,False,False
6.86,1.62676692008972,7.04423332214355,10.5617780685425,9.42676448822021,12.5986795425415,44.9712867736816,13.4431982040405,,False,0,4.36360654986132,False,0,True,False,False,False,False
6.88,1.65989673137665,7.04423332214355,10.5617780685425,9.42676448822021,12.5986795425415,44.9712867736816,13.4431982040405,,False,0,4.36379647789515,False,0,True,False,False,False,False
6.9,1.69302809238434,6.74423694610596,10.1119766235352,9.02530097961426,12.6157121658325,45.2712860107422,13.4261646270752,,False,0,4.3639932318939,False,0,True,False,False,False,False
6.92,1.72616028785706,6.74423694610596,10.1119766235352,9.02530097961426,12.6157121658325,45.2712860107422,13.4261646270752,,False,0,4.36419681093435,False,0.0500000007450581,True,False,False,False,False
6.94,1.64105367660522,6.54118204116821,9.71737098693848,8.8266544342041,12.6203308105469,45.4505615234375,13.4096393585205,,False,0,4.36438007818096,False,0.0500000007450581,True,False,False,False,False
6.96,1.55333471298218,6.54118204116821,9.71737098693848,8.8266544342041,12.6203308105469,45.4505615234375,13.4096393585205,,False,0,4.3645415322968,False,0,True,False,False,False,False
6.98,1.58116781711578,6.54118204116821,9.71737098693848,8.8266544342041,12.6203308105469,45.4505615234375,13.4096393585205,,False,0,4.36470780843155,False,0,True,False,False,False,False
7,1.60900187492371,6.24118423461914,9.27170372009277,8.42183876037598,12.6347436904907,45.7505569458008,13.3952264785767,,False,0,4.36487890603414,False,0,True,False,False,False,False
7.02,1.63683605194092,6.24118423461914,9.27170372009277,8.42183876037598,12.6347436904907,45.7505569458008,13.3952264785767,,False,0,4.36505482453761,False,0.025000000372529,True,False,False,False,False
7.04,1.60556638240814,6.03994655609131,8.93172836303711,8.18443584442139,12.6413383483887,19.4549751281738,13.3834247589111,,False,0,4.36522086986337,False,0.025000000372529,True,False,False,False,False
7.06,1.57295680046082,6.03994655609131,8.93172836303711,8.18443584442139,12.6413383483887,19.4549751281738,13.3834247589111,,False,0,4.36538014273389,False,0.025000000372529,True,False,False,False,False
7.08,1.53903150558472,5.83885860443115,8.59508037567139,7.94522666931152,12.6472930908203,19.4667148590088,13.3727560043335,,False,0,4.36552826217611,False,0.025000000372529,True,False,False,False,False
7.1,1.50379109382629,5.83885860443115,8.59508037567139,7.94522666931152,12.6472930908203,19.4667148590088,13.3727560043335,,False,0,4.36566845511217,False,0,True,False,False,False,False
7.12,1.52631163597107,5.63886022567749,8.30067253112793,7.6730785369873,12.6551494598389,19.6666984558105,13.3648996353149,,False,0,4.36581180696226,False,0,True,False,False,False,False
7.14,1.54885613918304,5.63886022567749,8.30067253112793,7.6730785369873,12.6551494598389,19.6666984558105,13.3648996353149,,False,0,4.36595839114382,False,0.025000000372529,True,False,False,False,False
7.16,1.5123153924942,5.63886022567749,8.30067253112793,7.6730785369873,12.6551494598389,19.6666984558105,13.3648996353149,,False,0,4.36609612996087,False,0.025000000372529,True,False,False,False,False
7.18,1.47446131706238,5.33755779266357,7.8039083480835,7.30917024612427,12.6629047393799,19.7798194885254,13.3510112762451,,False,0,4.36622450070853,False,0.025000000372529,True,False,False,False,False
7.2,1.43527054786682,5.33755779266357,7.8039083480835,7.30917024612427,12.6629047393799,19.7798194885254,13.3510112762451,,False,0,4.36634293087898,False,0.0500000007450581,True,False,False,False,False
7.22,1.335693359375,5.13624000549316,7.4423656463623,7.09347915649414,12.6653490066528,19.8124217987061,13.3421268463135,,False,0,4.36643849909915,False,0.0500000007450581,True,False,False,False,False
7.24,1.23353660106659,5.13624000549316,7.4423656463623,7.09347915649414,12.6653490066528,19.8124217987061,13.3421268463135,,False,0,4.36651440221831,False,0.025000000372529,True,False,False,False,False
7.26,1.18779230117798,5.13624000549316,7.4423656463623,7.09347915649414,12.6653490066528,19.8124217987061,13.3421268463135,,False,0,4.3665825561273,False,0.025000000372529,True,False,False,False,False
7.28,1.14071452617645,4.83555173873901,6.95997428894043,6.7211856842041,12.6697769165039,20.0230865478516,13.3341703414917,,False,0,4.3666425761481,False,0.025000000372529,True,False,False,False,False
7.3,1.09230256080627,4.83555173873901,6.95997428894043,6.7211856842041,12.6697769165039,20.0230865478516,13.3341703414917,,False,0,4.3666941958345,False,0.0500000007450581,True,False,False,False,False
7.32,0.983608961105347,4.83555173873901,6.95997428894043,6.7211856842041,12.6697769165039,20.0230865478516,13.3341703414917,,False,0,4.36672829865004,False,0.0500000007450581,True,False,False,False,False
7.34,0.881202697753906,4.53485918045044,6.44135093688965,6.38540029525757,12.6710996627808,20.2082347869873,13.3291349411011,,False,0,4.30711952127026,False,0.0500000007450581,True,False,False,False,False
7.36,0.781517744064331,4.53485918045044,6.44135093688965,6.38540029525757,12.6710996627808,20.2082347869873,13.3291349411011,,False,0,4.21522720977834,False,0.025000000372529,True,False,False,False,False
7.38,0.739868402481079,4.33481168746948,6.13033533096313,6.13035106658936,12.671368598938,20.3856887817383,13.3286190032959,,False,0,4.11687469420479,False,0.025000000372529,True,False,False,False,False
7.4,0.697800576686859,4.33481168746948,6.13033533096313,6.13035106658936,12.671368598938,20.3856887817383,13.3286190032959,,False,0,4.0172252828281,False,0,True,False,False,False,False
7.42,0.714217841625214,4.13481473922729,5.84749746322632,5.84751272201538,12.671368598938,20.5856819152832,13.3286190032959,,False,0,3.91732184760729,False,0,True,False,False,False,False
7.44,0.731504499912262,4.13481473922729,5.84749746322632,5.84751272201538,12.671368598938,20.5856819152832,13.3286190032959,,False,0,3.81737043181367,False,0,True,False,False,False,False
7.46,0.749724209308624,4.13481473922729,5.84749746322632,5.84751272201538,12.671368598938,20.5856819152832,13.3286190032959,,False,0,3.71740548507292,False,0,True,False,False,False,False
7.48,0.768951594829559,3.83481907844543,5.42324113845825,5.423255443573,12.671368598938,20.8856811523438,13.3286190032959,,False,0,3.61744240337526,False,0,True,False,False,False,False
7.5,0.789301156997681,3.83481907844543,5.42324113845825,5.423255443573,12.671368598938,20.8856811523438,13.3286190032959,,False,0,3.51748145970003,False,0.0750000029802322,True,False,False,False,False
7.52,0.632830679416656,3.83481907844543,5.42324113845825,5.423255443573,12.671368598938,20.8856811523438,13.3286190032959,,False,0,3.41750264853517,False,0.0750000029802322,True,False,False,False,False
7.54,0.472194254398346,3.53548574447632,4.90362501144409,5.10008525848389,12.6706523895264,21.1719493865967,13.3343477249146,,False,0,3.31751260759341,False,0.0750000029802322,True,False,False,False,False
7.56,0.306961357593536,3.53548574447632,4.90362501144409,5.10008525848389,12.6706523895264,21.1719493865967,13.3343477249146,,False,0,3.21751419100827,False,0.125,True,False,False,False,False
7.58,0.0177661068737507,3.53548574447632,4.90362501144409,5.10008525848389,12.6706523895264,21.1719493865967,13.3343477249146,,False,0,3.11750850778761,False,0.125,True,False,False,False,False
7.6,359.719024658203,3.23940849304199,4.35307550430298,4.83458566665649,12.6744337081909,21.8449802398682,13.3612365722656,,False,0,3.01750738919393,False,0.125,True,False,False,False,False
7.62,359.409576416016,3.23940849304199,4.35307550430298,4.83458566665649,12.6744337081909,21.8449802398682,13.3612365722656,,False,0,2.91752724445216,False,0,True,False,False,False,False
7.64,359.386749267578,3.23940849304199,4.35307550430298,4.83458566665649,12.6744337081909,21.8449802398682,13.3612365722656,,False,0,2.817552945394,False,0,True,False,False,False,False
7.66,359.362274169922,2.93941426277161,3.94994735717773,4.38686466217041,12.6587114334106,22.1449813842773,13.3769588470459,,False,0,2.71757709030176,False,0,True,False,False,False,False
7.68,359.335876464844,2.93941426277161,3.94994735717773,4.38686466217041,12.6587114334106,22.1449813842773,13.3769588470459,,False,0,2.61760375075929,False,0.025000000372529,True,False,False,False,False
7.7,359.247528076172,2.93941426277161,3.94994735717773,4.38686466217041,12.6587114334106,22.1449813842773,13.3769588470459,,False,0,2.51763909254753,False,0.025000000372529,True,False,False,False,False
7.72,359.154235839844,2.64042377471924,3.52617025375366,3.96813607215881,12.6465473175049,22.6429824829102,13.3986158370972,,False,0,2.41768417692021,False,0.025000000372529,True,False,False,False,False
7.74,359.055358886719,2.64042377471924,3.52617025375366,3.96813607215881,12.6465473175049,22.6429824829102,13.3986158370972,,False,0,2.31774043562113,False,0.0500000007450581,True,False,False,False,False
7.76,358.889892578125,2.64042377471924,3.52617025375366,3.96813607215881,12.6465473175049,22.6429824829102,13.3986158370972,,False,0,2.21782024675093,False,0.0500000007450581,True,False,False,False,False
7.78,358.714111328125,2.34254670143127,3.090008020401,3.57035326957703,12.6375865936279,49.7241973876953,13.4299306869507,,False,0,2.1179309241014,False,0.0500000007450581,True,False,False,False,False
7.8,358.526641845703,2.34254670143127,3.090008020401,3.57035326957703,12.6375865936279,49.7241973876953,13.4299306869507,,False,0,2.01807718393832,False,0,True,False,False,False,False
7.82,358.447082519531,2.14255094528198,2.82619762420654,3.26553702354431,12.6231603622437,49.9241943359375,13.4443578720093,,False,0,1.91823994624802,False,0,True,False,False,False,False
7.84,358.358764648438,2.14255094528198,2.82619762420654,3.26553702354431,12.6231603622437,49.9241943359375,13.4443578720093,,False,0,1.81842192915633,False,0,False,False,False,False,False
7.86,358.280181884766,2.14255094528198,2.82619762420654,3.26553702354431,12.6231603622437,49.9241943359375,13.4443578720093,,False,0,1.73854058489481,False,0,False,False,False,False,False
7.88,358.194030761719,2.14255094528198,2.82619762420654,3.26553702354431,12.6231603622437,49.9241943359375,13.4443578720093,,False,0,1.65867600351918,False,0,False,False,False,False,False
7.9,358.09912109375,1.82238507270813,2.40387296676636,2.77756094932556,12.6000747680664,50.2443618774414,13.4674425125122,,False,0,1.57883072886372,False,0,False,False,False,False,False
7.92,357.994140625,1.82238507270813,2.40387296676636,2.77756094932556,12.6000747680664,50.2443618774414,13.4674425125122,,False,0,1.4990078313901,False,0,False,False,False,False,False
7.94,357.898284912109,1.69066572189331,2.23012447357178,2.57680296897888,12.5905742645264,50.3760795593262,13.4769430160522,,False,0,1.43334753113431,False,0,False,False,False,False,False
7.96,357.793182373047,1.69066572189331,2.23012447357178,2.57680296897888,12.5905742645264,50.3760795593262,13.4769430160522,,False,0,1.36770772846941,False,0,False,False,False,False,False
7.98,357.712646484375,1.69066572189331,2.23012447357178,2.57680296897888,12.5905742645264,50.3760795593262,13.4769430160522,,False,0,1.32199549464678,False,0,False,False,False,False,False
8,357.626312255859,1.69066572189331,2.23012447357178,2.57680296897888,12.5905742645264,50.3760795593262,13.4769430160522,,False,0,1.2762962886887,False,0,False,False,False,False,False
8.02,357.533508300781,1.5071462392807,1.98804748058319,2.29709458351135,12.5773410797119,50.5596008300781,13.4901762008667,,False,0,1.23061156197502,False,0,False,False,False,False,False
8.04,357.43359375,1.5071462392807,1.98804748058319,2.29709458351135,12.5773410797119,50.5596008300781,13.4901762008667,,False,0,1.1849428940675,False,0,False,False,False,False,False
8.059999,357.360382080078,1.44529473781586,1.90646040439606,2.20282435417175,12.5728816986084,50.621452331543,13.4946355819702,,False,0,1.15417126864762,False,0,False,False,False,False,False
8.08,357.283111572266,1.44529473781586,1.90646040439606,2.20282435417175,12.5728816986084,50.621452331543,13.4946355819702,,False,0,1.12340886049586,False,0,False,False,False,False,False
8.099999,357.242340087891,1.44529473781586,1.90646040439606,2.20282435417175,12.5728816986084,50.621452331543,13.4946355819702,,False,0,1.1087228657917,False,0,False,False,False,False,False
8.12,357.200439453125,1.40098285675049,1.84800946712494,2.1352870464325,12.5696802139282,50.6657638549805,13.4978370666504,,False,0,1.09403954013006,False,0,False,False,False,False,False
8.139999,357.157501220703,1.40098285675049,1.84800946712494,2.1352870464325,12.5696802139282,50.6657638549805,13.4978370666504,,False,0,1.07935885773754,False,0,False,False,False,False,False
8.16,357.153076171875,1.40098285675049,1.84800946712494,2.1352870464325,12.5696802139282,50.6657638549805,13.4978370666504,,False,0,1.079365203449,False,0,False,False,False,False,False
8.179999,357.148651123047,1.40098285675049,1.84800946712494,2.1352870464325,12.5696802139282,50.6657638549805,13.4978370666504,,False,0,1.07937157891482,False,0,False,False,False,False,False
8.2,357.144226074219,1.40098285675049,1.84800946712494,2.1352870464325,12.5696802139282,50.6657638549805,13.4978370666504,,False,0,1.07937798411923,False,-0.025000000372529,False,False,False,False,False
8.22,357.197937011719,1.40098285675049,1.84800946712494,2.1352870464325,12.5696802139282,50.6657638549805,13.4978370666504,,False,0,1.07938441905882,False,-0.025000000372529,False,False,False,False,False
8.24,357.251647949219,1.40038228034973,1.85861730575562,2.11935138702393,12.5637636184692,24.2514228820801,13.4920139312744,,False,0,1.07939088374091,False,-0.025000000372529,False,False,False,False,False
8.26,357.305419921875,1.40038228034973,1.85861730575562,2.11935138702393,12.5637636184692,24.2514228820801,13.4920139312744,,False,0,1.07939723968133,False,-0.125,False,False,False,False,False
8.28,357.591278076172,1.39880311489105,1.89544749259949,2.06852221488953,12.5479507446289,23.4903144836426,13.4768075942993,,False,0,1.07940362410048,False,-0.125,False,False,False,False,False
8.3,357.876678466797,1.39880311489105,1.89544749259949,2.06852221488953,12.5479507446289,23.4903144836426,13.4768075942993,,False,0,1.07941003701371,False,-0.0500000007450581,False,False,False,False,False
8.32,357.988159179688,1.39880311489105,1.89544749259949,2.06852221488953,12.5479507446289,23.4903144836426,13.4768075942993,,False,0,1.07941647842587,False,-0.0500000007450581,False,False,False,False,False
8.34,358.099578857422,1.39816582202911,1.91868209838867,2.03962349891663,12.5413417816162,23.3480319976807,13.4707775115967,,False,0,1.07942294832329,False,-0.0500000007450581,False,False,False,False,False
8.36,358.2109375,1.39816582202911,1.91868209838867,2.03962349891663,12.5413417816162,23.3480319976807,13.4707775115967,,False,0,1.07942944670809,False,-0.100000001490116,False,False,False,False,False
8.38,358.437896728516,1.39816582202911,1.91868209838867,2.03962349891663,12.5413417816162,23.3480319976807,13.4707775115967,,False,0,1.07943583138572,False,-0.100000001490116,False,False,False,False,False
8.4,358.664703369141,1.39759194850922,1.96790480613709,1.9851576089859,12.5345859527588,23.3311729431152,13.465648651123,,False,0,1.07944224331619,False,-0.100000001490116,False,False,False,False,False
8.42,358.891326904297,1.39759194850922,1.96790480613709,1.9851576089859,12.5345859527588,23.3311729431152,13.465648651123,,False,0,1.07944868250736,False,0,False,False,False,False,False
8.44,358.887145996094,1.39759194850922,1.96790480613709,1.9851576089859,12.5345859527588,23.3311729431152,13.465648651123,,False,0,1.07945514896151,False,0,False,False,False,False,False
8.46,358.882934570313,1.39759194850922,1.96790480613709,1.9851576089859,12.5345859527588,23.3311729431152,13.465648651123,,False,0,1.07946164267537,False,-0.025000000372529,False,False,False,False,False
8.48,358.936431884766,1.39759194850922,1.96790480613709,1.9851576089859,12.5345859527588,23.3311729431152,13.465648651123,,False,0,1.07946816365401,False,-0.025000000372529,False,False,False,False,False
8.5,358.989990234375,1.39759194850922,1.96790480613709,1.9851576089859,12.5345859527588,23.3311729431152,13.465648651123,,False,0,1.07947456609039,False,-0.025000000372529,False,False,False,False,False
8.52,359.043579101563,1.39760708808899,1.98517489433289,1.96793007850647,12.5342426300049,23.4004077911377,13.4659929275513,,False,0,1.07948099457578,False,-0.025000000372529,False,False,False,False,False
8.54,359.097137451172,1.39760708808899,1.98517489433289,1.96793007850647,12.5342426300049,23.4004077911377,13.4659929275513,,False,0,1.07948744912392,False,0,False,False,False,False,False
8.559999,359.093017578125,1.39760708808899,1.98517489433289,1.96793007850647,12.5342426300049,23.4004077911377,13.4659929275513,,False,0,1.07949392973444,False,0,False,False,False,False,False
8.58,359.088928222656,1.39760708808899,1.98517489433289,1.96793007850647,12.5342426300049,23.4004077911377,13.4659929275513,,False,0,1.07950043640097,False,0,False,False,False,False,False
8.599999,359.084808349609,1.39760708808899,1.98517489433289,1.96793007850647,12.5342426300049,23.4004077911377,13.4659929275513,,False,0,1.0795069691229,False,0,False,False,False,False,False
8.62,359.080688476563,1.39760708808899,1.98517489433289,1.96793007850647,12.5342426300049,23.4004077911377,13.4659929275513,,False,0,1.07951352790585,False,0,False,False,False,False,False
8.639999,359.076690673828,1.39760708808899,1.98517489433289,1.96793007850647,12.5342426300049,23.4004077911377,13.4659929275513,,False,0,1.07951996279546,False,0,False,False,False,False,False
8.66,359.072662353516,1.39760708808899,1.98517489433289,1.96793007850647,12.5342426300049,23.4004077911377,13.4659929275513,,False,0,1.07952642257419,False,0,False,False,False,False,False
8.679999,359.068664550781,1.39760708808899,1.98517489433289,1.96793007850647,12.5342426300049,23.4004077911377,13.4659929275513,,False,0,1.07953290723852,False,0,False,False,False,False,False
8.7,359.064636230469,1.39760708808899,1.98517489433289,1.96793007850647,12.5342426300049,23.4004077911377,13.4659929275513,,False,0,1.07953941678166,False,0,False,False,False,False,False
8.72,359.060638427734,1.39760708808899,1.98517489433289,1.96793007850647,12.5342426300049,23.4004077911377,13.4659929275513,,False,0,1.07954595120943,False,0,False,False,False,False,False
8.74,359.056610107422,1.39760708808899,1.98517489433289,1.96793007850647,12.5342426300049,23.4004077911377,13.4659929275513,,False,0,1.07955251052457,False,0,False,False,False,False,False
8.76,359.052703857422,1.39760708808899,1.98517489433289,1.96793007850647,12.5342426300049,23.4004077911377,13.4659929275513,,False,0,1.07955894132002,False,0,False,False,False,False,False
8.78,359.048767089844,1.39760708808899,1.98517489433289,1.96793007850647,12.5342426300049,23.4004077911377,13.4659929275513,,False,0,1.07956539584849,False,0,False,False,False,False,False
8.8,359.044860839844,1.39760708808899,1.98517489433289,1.96793007850647,12.5342426300049,23.4004077911377,13.4659929275513,,False,0,1.07957187412229,False,0,False,False,False,False,False
8.82,359.040954589844,1.39760708808899,1.98517489433289,1.96793007850647,12.5342426300049,23.4004077911377,13.4659929275513,,False,0,1.07957837612827,False,0,False,False,False,False,False
8.84,359.037017822266,1.39760708808899,1.98517489433289,1.96793007850647,12.5342426300049,23.4004077911377,13.4659929275513,,False,0,1.07958490187871,False,0,False,False,False,False,False
8.86,359.033111572266,1.39760708808899,1.98517489433289,1.96793007850647,12.5342426300049,23.4004077911377,13.4659929275513,,False,0,1.07959145136365,False,0,False,False,False,False,False
8.88,359.029174804688,1.39760708808899,1.98517489433289,1.96793007850647,12.5342426300049,23.4004077911377,13.4659929275513,,False,0,1.07959802458584,False,0,False,False,False,False,False
8.9,359.025360107422,1.39760708808899,1.98517489433289,1.96793007850647,12.5342426300049,23.4004077911377,13.4659929275513,,False,0,1.07960446419854,False,0,False,False,False,False,False
8.92,359.021514892578,1.39760708808899,1.98517489433289,1.96793007850647,12.5342426300049,23.4004077911377,13.4659929275513,,False,0,1.07961092643077,False,0,False,False,False,False,False
8.94,359.017700195313,1.39760708808899,1.98517489433289,1.96793007850647,12.5342426300049,23.4004077911377,13.4659929275513,,False,0,1.07961741128214,False,0,False,False,False,False,False
8.96,359.013885498047,1.39760708808899,1.98517489433289,1.96793007850647,12.5342426300049,23.4004077911377,13.4659929275513,,False,0,1.07962391875223,False,0,False,False,False,False,False
8.98,359.010040283203,1.39760708808899,1.98517489433289,1.96793007850647,12.5342426300049,23.4004077911377,13.4659929275513,,False,0,1.07963044884064,False,0,False,False,False,False,False
9,359.006225585938,1.39760708808899,1.98517489433289,1.96793007850647,12.5342426300049,23.4004077911377,13.4659929275513,,False,0,1.07963700154695,False,0,False,False,False,False,False
9.02,359.002502441406,1.39760708808899,1.98517489433289,1.96793007850647,12.5342426300049,23.4004077911377,13.4659929275513,,False,0,1.07964341622792,False,0,False,False,False,False,False
9.04,358.998748779297,1.39760708808899,1.98517489433289,1.96793007850647,12.5342426300049,23.4004077911377,13.4659929275513,,False,0,1.07964985243615,False,0,False,False,False,False,False
9.059999,358.995025634766,1.39760708808899,1.98517489433289,1.96793007850647,12.5342426300049,23.4004077911377,13.4659929275513,,False,0,1.07965631017767,False,0,False,False,False,False,False
9.08,358.991302490234,1.39760708808899,1.98517489433289,1.96793007850647,12.5342426300049,23.4004077911377,13.4659929275513,,False,0,1.07966278944575,False,0,False,False,False,False,False
9.099999,358.987548828125,1.39760708808899,1.98517489433289,1.96793007850647,12.5342426300049,23.4004077911377,13.4659929275513,,False,0,1.07966929023349,False,0,False,False,False,False,False
9.12,358.983825683594,1.39760708808899,1.98517489433289,1.96793007850647,12.5342426300049,23.4004077911377,13.4659929275513,,False,0,1.07967581254695,False,0,False,False,False,False,False
9.139999,358.980102539063,1.39760708808899,1.98517489433289,1.96793007850647,12.5342426300049,23.4004077911377,13.4659929275513,,False,0,1.07968235638575,False,0,False,False,False,False,False
9.16,358.976440429688,1.39760708808899,1.98517489433289,1.96793007850647,12.5342426300049,23.4004077911377,13.4659929275513,,False,0,1.07968875734021,False,0,False,False,False,False,False
9.179999,358.972808837891,1.39760708808899,1.98517489433289,1.96793007850647,12.5342426300049,23.4004077911377,13.4659929275513,,False,0,1.07969517877251,False,0,False,False,False,False,False
9.2,358.969177246094,1.39760708808899,1.98517489433289,1.96793007850647,12.5342426300049,23.4004077911377,13.4659929275513,,False,0,1.07970162066303,False,0,False,False,False,False,False
9.22,358.965545654297,1.39760708808899,1.98517489433289,1.96793007850647,12.5342426300049,23.4004077911377,13.4659929275513,,False,0,1.0797080830146,False,0,False,False,False,False,False
9.24,358.961883544922,1.39760708808899,1.98517489433289,1.96793007850647,12.5342426300049,23.4004077911377,13.4659929275513,,False,0,1.07971456582686,False,0,False,False,False,False,False
9.26,358.958251953125,1.39760708808899,1.98517489433289,1.96793007850647,12.5342426300049,23.4004077911377,13.4659929275513,,False,0,1.07972106909944,False,0,False,False,False,False,False
9.28,358.954620361328,1.39760708808899,1.98517489433289,1.96793007850647,12.5342426300049,23.4004077911377,13.4659929275513,,False,0,1.07972759283197,False,0,False,False,False,False,False
9.3,358.951080322266,1.39760708808899,1.98517489433289,1.96793007850647,12.5342426300049,23.4004077911377,13.4659929275513,,False,0,1.0797339689687,False,0,False,False,False,False,False
9.32,358.947509765625,1.39760708808899,1.98517489433289,1.96793007850647,12.5342426300049,23.4004077911377,13.4659929275513,,False,0,1.07974036453212,False,0,False,False,False,False,False
9.34,358.943969726563,1.39760708808899,1.98517489433289,1.96793007850647,12.5342426300049,23.4004077911377,13.4659929275513,,False,0,1.07974677951225,False,0,False,False,False,False,False
9.36,358.9404296875,1.39760708808899,1.98517489433289,1.96793007850647,12.5342426300049,23.4004077911377,13.4659929275513,,False,0,1.07975321392158,False,0,False,False,False,False,False
9.38,358.936889648438,1.39760708808899,1.98517489433289,1.96793007850647,12.5342426300049,23.4004077911377,13.4659929275513,,False,0,1.07975966774694,False,0,False,False,False,False,False
9.4,358.933349609375,1.39760708808899,1.98517489433289,1.96793007850647,12.5342426300049,23.4004077911377,13.4659929275513,,False,0,1.07976614100079,False,0,False,False,False,False,False
9.42,358.929779052734,1.39760708808899,1.98517489433289,1.96793007850647,12.5342426300049,23.4004077911377,13.4659929275513,,False,0,1.07977263366998,False,0,False,False,False,False,False
9.44,358.926330566406,1.39760708808899,1.98517489433289,1.96793007850647,12.5342426300049,23.4004077911377,13.4659929275513,,False,0,1.07977897414725,False,0,False,False,False,False,False
9.46,358.922882080078,1.39760708808899,1.98517489433289,1.96793007850647,12.5342426300049,23.4004077911377,13.4659929275513,,False,0,1.07978533304988,False,0,False,False,False,False,False
9.48,358.91943359375,1.39760708808899,1.98517489433289,1.96793007850647,12.5342426300049,23.4004077911377,13.4659929275513,,False,0,1.07979171034178,False,0,False,False,False,False,False
9.5,358.915985107422,1.39760708808899,1.98517489433289,1.96793007850647,12.5342426300049,23.4004077911377,13.4659929275513,,False,0,1.0797981060454,False,0,False,False,False,False,False
9.52,358.912536621094,1.39760708808899,1.98517489433289,1.96793007850647,12.5342426300049,23.4004077911377,13.4659929275513,,False,0,1.0798045201701,False,0,False,False,False,False,False
9.54,358.909057617188,1.39760708808899,1.98517489433289,1.96793007850647,12.5342426300049,23.4004077911377,13.4659929275513,,False,0,1.07981095269936,False,0,False,False,False,False,False
9.559999,358.905609130859,1.39760708808899,1.98517489433289,1.96793007850647,12.5342426300049,23.4004077911377,13.4659929275513,,False,0,1.07981740366213,False,0,False,False,False,False,False
9.58,358.902160644531,1.39760708808899,1.98517489433289,1.96793007850647,12.5342426300049,23.4004077911377,13.4659929275513,,False,0,1.07982387302233,False,0,False,False,False,False,False
9.599999,358.898803710938,1.39760708808899,1.98517489433289,1.96793007850647,12.5342426300049,23.4004077911377,13.4659929275513,,False,0,1.07983018520559,False,0,False,False,False,False,False
9.62,358.895446777344,1.39760708808899,1.98517489433289,1.96793007850647,12.5342426300049,23.4004077911377,13.4659929275513,,False,0,1.07983651481022,False,0,False,False,False,False,False
9.639999,358.89208984375,1.39760708808899,1.98517489433289,1.96793007850647,12.5342426300049,23.4004077911377,13.4659929275513,,False,0,1.07984286184258,False,0,False,False,False,False,False
9.66,358.888732910156,1.39760708808899,1.98517489433289,1.96793007850647,12.5342426300049,23.4004077911377,13.4659929275513,,False,0,1.07984922630238,False,0,False,False,False,False,False
9.679999,358.885375976563,1.39760708808899,1.98517489433289,1.96793007850647,12.5342426300049,23.4004077911377,13.4659929275513,,False,0,1.0798556081893,False,0,False,False,False,False,False
9.7,358.882019042969,1.39760708808899,1.98517489433289,1.96793007850647,12.5342426300049,23.4004077911377,13.4659929275513,,False,0,1.07986200750303,False,0,False,False,False,False,False
9.719999,358.878662109375,1.39760708808899,1.98517489433289,1.96793007850647,12.5342426300049,23.4004077911377,13.4659929275513,,False,0,1.07986842424326,False,0,False,False,False,False,False
9.74,358.875305175781,1.39760708808899,1.98517489433289,1.96793007850647,12.5342426300049,23.4004077911377,13.4659929275513,,False,0,1.07987485840969,False,0,False,False,False,False,False
9.76,358.872009277344,1.39760708808899,1.98517489433289,1.96793007850647,12.5342426300049,23.4004077911377,13.4659929275513,,False,0,1.0798811305558,False,0,False,False,False,False,False
9.78,358.868743896484,1.39760708808899,1.98517489433289,1.96793007850647,12.5342426300049,23.4004077911377,13.4659929275513,,False,0,1.07988741917284,False,0,False,False,False,False,False
9.8,358.865478515625,1.39760708808899,1.98517489433289,1.96793007850647,12.5342426300049,23.4004077911377,13.4659929275513,,False,0,1.07989372426054,False,0,False,False,False,False,False
9.82,358.862213134766,1.39760708808899,1.98517489433289,1.96793007850647,12.5342426300049,23.4004077911377,13.4659929275513,,False,0,1.07990004581191,False,0,False,False,False,False,False
9.84,358.858947753906,1.39760708808899,1.98517489433289,1.96793007850647,12.5342426300049,23.4004077911377,13.4659929275513,,False,0,1.07990638384003,False,0,False,False,False,False,False
9.86,358.855682373047,1.39760708808899,1.98517489433289,1.96793007850647,12.5342426300049,23.4004077911377,13.4659929275513,,False,0,1.07991273833794,False,0,False,False,False,False,False
9.88,358.852416992188,1.39760708808899,1.98517489433289,1.96793007850647,12.5342426300049,23.4004077911377,13.4659929275513,,False,0,1.07991910930533,False,0,False,False,False,False,False
9.9,358.849243164063,1.39760708808899,1.98517489433289,1.96793007850647,12.5342426300049,23.4004077911377,13.4659929275513,,False,0,1.07992531401519,False,0,False,False,False,False,False
9.92,358.846069335938,1.39760708808899,1.98517489433289,1.96793007850647,12.5342426300049,23.4004077911377,13.4659929275513,,False,0,1.07993153426632,False,0,False,False,False,False,False
9.94,358.842895507813,1.39760708808899,1.98517489433289,1.96793007850647,12.5342426300049,23.4004077911377,13.4659929275513,,False,0,1.07993777005847,False,0,False,False,False,False,False
9.96,358.839752197266,1.39760708808899,1.98517489433289,1.96793007850647,12.5342426300049,23.4004077911377,13.4659929275513,,False,0,1.07994402139135,False,0,False,False,False,False,False
9.98,358.836578369141,1.39760708808899,1.98517489433289,1.96793007850647,12.5342426300049,23.4004077911377,13.4659929275513,,False,0,1.07995028826803,False,0,False,False,False,False,False
10,358.833404541016,1.39760708808899,1.98517489433289,1.96793007850647,12.5342426300049,23.4004077911377,13.4659929275513,,False,0,1.07995657068493,False,0,False,False,False,False,False
10.02,358.830230712891,1.39760708808899,1.98517489433289,1.96793007850647,12.5342426300049,23.4004077911377,13.4659929275513,,False,0,1.07996286863841,False,0,False,False,False,False,False
10.04,358.827056884766,1.39760708808899,1.98517489433289,1.96793007850647,12.5342426300049,23.4004077911377,13.4659929275513,,False,0,1.07996918213155,False,0,False,False,False,False,False
10.06,358.823883056641,1.39760708808899,1.98517489433289,1.96793007850647,12.5342426300049,23.4004077911377,13.4659929275513,,False,0,1.07997551116407,False,0,False,False,False,False,False
10.08,358.82080078125,1.39760708808899,1.98517489433289,1.96793007850647,12.5342426300049,23.4004077911377,13.4659929275513,,False,0,1.07998166890886,False,0,False,False,False,False,False
10.1,358.817718505859,1.39760708808899,1.98517489433289,1.96793007850647,12.5342426300049,23.4004077911377,13.4659929275513,,False,0,1.07998784129188,False,0,False,False,False,False,False
10.12,358.814636230469,1.39760708808899,1.98517489433289,1.96793007850647,12.5342426300049,23.4004077911377,13.4659929275513,,False,0,1.0799940283129,False,0,False,False,False,False,False
10.14,358.811553955078,1.39760708808899,1.98517489433289,1.96793007850647,12.5342426300049,23.4004077911377,13.4659929275513,,False,0,1.08000022997501,False,0,False,False,False,False,False
10.16,358.808471679688,1.39760708808899,1.98517489433289,1.96793007850647,12.5342426300049,23.4004077911377,13.4659929275513,,False,0,1.08000644627461,False,0,False,False,False,False,False
10.18,358.805389404297,1.39760708808899,1.98517489433289,1.96793007850647,12.5342426300049,23.4004077911377,13.4659929275513,,False,0,1.08001267721827,False,0,False,False,False,False,False
10.2,358.802307128906,1.39760708808899,1.98517489433289,1.96793007850647,12.5342426300049,23.4004077911377,13.4659929275513,,False,0,1.08001892279213,False,0,False,False,False,False,False
10.22,358.799255371094,1.39760708808899,1.98517489433289,1.96793007850647,12.5342426300049,23.4004077911377,13.4659929275513,,False,0,1.08002518300965,False,0,False,False,False,False,False
10.24,358.796264648438,1.39760708808899,1.98517489433289,1.96793007850647,12.5342426300049,23.4004077911377,13.4659929275513,,False,0,1.08003126749494,False,0,False,False,False,False,False
10.26,358.793273925781,1.39760708808899,1.98517489433289,1.96793007850647,12.5342426300049,23.4004077911377,13.4659929275513,,False,0,1.08003736573588,False,0,False,False,False,False,False
10.28,358.790283203125,1.39760708808899,1.98517489433289,1.96793007850647,12.5342426300049,23.4004077911377,13.4659929275513,,False,0,1.08004347774617,False,0,False,False,False,False,False
10.3,358.787292480469,1.39760708808899,1.98517489433289,1.96793007850647,12.5342426300049,23.4004077911377,13.4659929275513,,False,0,1.08004960351164,False,0,False,False,False,False,False
10.32,358.784301757813,1.39760708808899,1.98517489433289,1.96793007850647,12.5342426300049,23.4004077911377,13.4659929275513,,False,0,1.080055743046,False,0,False,False,False,False,False
10.34,358.781311035156,1.39760708808899,1.98517489433289,1.96793007850647,12.5342426300049,23.4004077911377,13.4659929275513,,False,0,1.08006189633507,False,0,False,False,False,False,False
10.36,358.778350830078,1.39760708808899,1.98517489433289,1.96793007850647,12.5342426300049,23.4004077911377,13.4659929275513,,False,0,1.08006806339255,False,0,False,False,False,False,False
10.38,358.775360107422,1.39760708808899,1.98517489433289,1.96793007850647,12.5342426300049,23.4004077911377,13.4659929275513,,False,0,1.08007424420428,False,0,False,False,False,False,False
10.4,358.772369384766,1.39760708808899,1.98517489433289,1.96793007850647,12.5342426300049,23.4004077911377,13.4659929275513,,False,0,1.08008043878394,False,0,False,False,False,False,False
10.42,358.769470214844,1.39760708808899,1.98517489433289,1.96793007850647,12.5342426300049,23.4004077911377,13.4659929275513,,False,0,1.08008645289856,False,0,False,False,False,False,False
10.44,358.766571044922,1.39760708808899,1.98517489433289,1.96793007850647,12.5342426300049,23.4004077911377,13.4659929275513,,False,0,1.08009247994106,False,0,False,False,False,False,False
10.46,358.763702392578,1.39760708808899,1.98517489433289,1.96793007850647,12.5342426300049,23.4004077911377,13.4659929275513,,False,0,1.08009851988327,False,0,False,False,False,False,False
10.48,358.760803222656,1.39760708808899,1.98517489433289,1.96793007850647,12.5342426300049,23.4004077911377,13.4659929275513,,False,0,1.08010457274597,False,0,False,False,False,False,False
10.5,358.757904052734,1.39760708808899,1.98517489433289,1.96793007850647,12.5342426300049,23.4004077911377,13.4659929275513,,False,0,1.08011063851842,False,0,False,False,False,False,False
10.52,358.755004882813,1.39760708808899,1.98517489433289,1.96793007850647,12.5342426300049,23.4004077911377,13.4659929275513,,False,0,1.08011671720393,False,0,False,False,False,False,False
10.54,358.752105712891,1.39760708808899,1.98517489433289,1.96793007850647,12.5342426300049,23.4004077911377,13.4659929275513,,False,0,1.08012280880226,False,0,False,False,False,False,False
10.56,358.749237060547,1.39760708808899,1.98517489433289,1.96793007850647,12.5342426300049,23.4004077911377,13.4659929275513,,False,0,1.0801289133132,False,0,False,False,False,False,False
10.58,358.746429443359,1.39760708808899,1.98517489433289,1.96793007850647,12.5342426300049,23.4004077911377,13.4659929275513,,False,0,1.08013483319875,False,0,False,False,False,False,False
10.6,358.743621826172,1.39760708808899,1.98517489433289,1.96793007850647,12.5342426300049,23.4004077911377,13.4659929275513,,False,0,1.08014076517688,False,0,False,False,False,False,False
10.62,358.740844726563,1.39760708808899,1.98517489433289,1.96793007850647,12.5342426300049,23.4004077911377,13.4659929275513,,False,0,1.08014670924737,False,0,False,False,False,False,False
10.64,358.738037109375,1.39760708808899,1.98517489433289,1.96793007850647,12.5342426300049,23.4004077911377,13.4659929275513,,False,0,1.08015266541004,False,0,False,False,False,False,False
10.66,358.735229492188,1.39760708808899,1.98517489433289,1.96793007850647,12.5342426300049,23.4004077911377,13.4659929275513,,False,0,1.08015863366467,False,0,False,False,False,False,False
10.68,358.732421875,1.39760708808899,1.98517489433289,1.96793007850647,12.5342426300049,23.4004077911377,13.4659929275513,,False,0,1.08016461400408,False,0,False,False,False,False,False
10.7,358.729644775391,1.39760708808899,1.98517489433289,1.96793007850647,12.5342426300049,23.4004077911377,13.4659929275513,,False,0,1.08017060643859,False,0,False,False,False,False,False
10.72,358.726837158203,1.39760708808899,1.98517489433289,1.96793007850647,12.5342426300049,23.4004077911377,13.4659929275513,,False,0,1.08017661097142,False,0,False,False,False,False,False
10.74,358.724029541016,1.39760708808899,1.98517489433289,1.96793007850647,12.5342426300049,23.4004077911377,13.4659929275513,,False,0,1.08018262758845,False,0,False,False,False,False,False
10.76,358.721221923828,1.39760708808899,1.98517489433289,1.96793007850647,12.5342426300049,23.4004077911377,13.4659929275513,,False,0,1.08018865630342,False,0,False,False,False,False,False
10.78,358.718536376953,1.39760708808899,1.98517489433289,1.96793007850647,12.5342426300049,23.4004077911377,13.4659929275513,,False,0,1.08019449554731,False,0,False,False,False,False,False
10.8,358.7158203125,1.39760708808899,1.98517489433289,1.96793007850647,12.5342426300049,23.4004077911377,13.4659929275513,,False,0,1.08020034609614,False,0,False,False,False,False,False
10.82,358.713134765625,1.39760708808899,1.98517489433289,1.96793007850647,12.5342426300049,23.4004077911377,13.4659929275513,,False,0,1.08020620793578,False,0,False,False,False,False,False
10.84,358.710418701172,1.39760708808899,1.98517489433289,1.96793007850647,12.5342426300049,23.4004077911377,13.4659929275513,,False,0,1.08021208107998,False,0,False,False,False,False,False
10.86,358.707702636719,1.39760708808899,1.98517489433289,1.96793007850647,12.5342426300049,23.4004077911377,13.4659929275513,,False,0,1.08021796551462,False,0,False,False,False,False,False
10.88,358.705017089844,1.39760708808899,1.98517489433289,1.96793007850647,12.5342426300049,23.4004077911377,13.4659929275513,,False,0,1.08022386125695,False,0,False,False,False,False,False
10.9,358.702301025391,1.39760708808899,1.98517489433289,1.96793007850647,12.5342426300049,23.4004077911377,13.4659929275513,,False,0,1.08022976828935,False,0,False,False,False,False,False
10.92,358.699584960938,1.39760708808899,1.98517489433289,1.96793007850647,12.5342426300049,23.4004077911377,13.4659929275513,,False,0,1.08023568661861,False,0,False,False,False,False,False
10.94,358.696899414063,1.39760708808899,1.98517489433289,1.96793007850647,12.5342426300049,23.4004077911377,13.4659929275513,,False,0,1.08024161624453,False,0,False,False,False,False,False
10.96,358.694274902344,1.39760708808899,1.98517489433289,1.96793007850647,12.5342426300049,23.4004077911377,13.4659929275513,,False,0,1.0802473521195,False,0,False,False,False,False,False
10.98,358.691650390625,1.39760708808899,1.98517489433289,1.96793007850647,12.5342426300049,23.4004077911377,13.4659929275513,,False,0,1.08025309852515,False,0,False,False,False,False,False
11,358.689056396484,1.39760708808899,1.98517489433289,1.96793007850647,12.5342426300049,23.4004077911377,13.4659929275513,,False,0,1.08025885546131,False,0,False,False,False,False,False
11.02,358.686431884766,1.39760708808899,1.98517489433289,1.96793007850647,12.5342426300049,23.4004077911377,13.4659929275513,,False,0,1.08026462292782,False,0,False,False,False,False,False
11.04,358.683837890625,1.39760708808899,1.98517489433289,1.96793007850647,12.5342426300049,23.4004077911377,13.4659929275513,,False,0,1.08027040092451,False,0,False,False,False,False,False
11.06,358.681213378906,1.39760708808899,1.98517489433289,1.96793007850647,12.5342426300049,23.4004077911377,13.4659929275513,,False,0,1.0802761894512,False,0,False,False,False,False,False
11.08,358.678588867188,1.39760708808899,1.98517489433289,1.96793007850647,12.5342426300049,23.4004077911377,13.4659929275513,,False,0,1.08028198850773,False,0,False,False,False,False,False
11.1,358.675994873047,1.39760708808899,1.98517489433289,1.96793007850647,12.5342426300049,23.4004077911377,13.4659929275513,,False,0,1.08028779809393,False,0,False,False,False,False,False
11.12,358.673370361328,1.39760708808899,1.98517489433289,1.96793007850647,12.5342426300049,23.4004077911377,13.4659929275513,,False,0,1.08029361820963,False,0,False,False,False,False,False
11.14,358.670776367188,1.39760708808899,1.98517489433289,1.96793007850647,12.5342426300049,23.4004077911377,13.4659929275513,,False,0,1.08029944885465,False,0,False,False,False,False,False
11.16,358.668243408203,1.39760708808899,1.98517489433289,1.96793007850647,12.5342426300049,23.4004077911377,13.4659929275513,,False,0,1.08030508123417,False,0,False,False,False,False,False
11.18,358.665710449219,1.39760708808899,1.98517489433289,1.96793007850647,12.5342426300049,23.4004077911377,13.4659929275513,,False,0,1.08031072340404,False,0,False,False,False,False,False
11.2,358.663208007813,1.39760708808899,1.98517489433289,1.96793007850647,12.5342426300049,23.4004077911377,13.4659929275513,,False,0,1.08031637536411,False,0,False,False,False,False,False
11.22,358.660675048828,1.39760708808899,1.98517489433289,1.96793007850647,12.5342426300049,23.4004077911377,13.4659929275513,,False,0,1.08032203711422,False,0,False,False,False,False,False
11.24,358.658172607422,1.39760708808899,1.98517489433289,1.96793007850647,12.5342426300049,23.4004077911377,13.4659929275513,,False,0,1.08032770865423,False,0,False,False,False,False,False
11.26,358.655639648438,1.39760708808899,1.98517489433289,1.96793007850647,12.5342426300049,23.4004077911377,13.4659929275513,,False,0,1.08033338998397,False,0,False,False,False,False,False
11.28,358.653137207031,1.39760708808899,1.98517489433289,1.96793007850647,12.5342426300049,23.4004077911377,13.4659929275513,,False,0,1.08033908110329,False,0,False,False,False,False,False
11.3,358.650604248047,1.39760708808899,1.98517489433289,1.96793007850647,12.5342426300049,23.4004077911377,13.4659929275513,,False,0,1.08034478201205,False,0,False,False,False,False,False
11.32,358.648101806641,1.39760708808899,1.98517489433289,1.96793007850647,12.5342426300049,23.4004077911377,13.4659929275513,,False,0,1.08035049271007,False,0,False,False,False,False,False
11.34,358.645568847656,1.39760708808899,1.98517489433289,1.96793007850647,12.5342426300049,23.4004077911377,13.4659929275513,,False,0,1.08035621320072,False,0,False,False,False,False,False
11.36,358.643157958984,1.39760708808899,1.98517489433289,1.96793007850647,12.5342426300049,23.4004077911377,13.4659929275513,,False,0,1.08036173106631,False,0,False,False,False,False,False
11.38,358.640716552734,1.39760708808899,1.98517489433289,1.96793007850647,12.5342426300049,23.4004077911377,13.4659929275513,,False,0,1.08036725801605,False,0,False,False,False,False,False
11.4,358.638305664063,1.39760708808899,1.98517489433289,1.96793007850647,12.5342426300049,23.4004077911377,13.4659929275513,,False,0,1.08037279403579,False,0,False,False,False,False,False
11.42,358.635864257813,1.39760708808899,1.98517489433289,1.96793007850647,12.5342426300049,23.4004077911377,13.4659929275513,,False,0,1.0803783391394,False,0,False,False,False,False,False
