timestamp,rotation,northRay,northwestRay,northeastRay,eastRay,southRay,westRay,fitness,doorClosed,checkpointMet,distanceFromPlayer,seesKey,mouseRotation,forwardButtonPressed,backButtonPressed,leftButtonPressed,rightButtonPressed,keyButtonPressed
16.52,,,,,,,,,,,,False,,,,,,
16.54,8.32078075408936,45.9779052734375,11.2836666107178,25.4858627319336,18.0212421417236,5.95395803451538,7.97874689102173,,False,0,16.2045703104415,False,0,False,False,False,False,False
16.56,8.32077789306641,45.9806175231934,11.408182144165,25.2129402160645,18.022741317749,5.95433521270752,7.97879219055176,,False,0,16.2045703104415,False,0.125,False,False,False,False,False
16.58,8.01116561889648,45.9806175231934,11.408182144165,25.2129402160645,18.022741317749,5.95433521270752,7.97879219055176,,False,0,16.2045703104415,False,0,False,False,False,False,False
16.6,8.01116561889648,45.9806175231934,11.408182144165,25.2129402160645,18.022741317749,5.95433521270752,7.97879219055176,,False,0,16.2045703104415,False,0,False,False,False,False,False
16.62,8.01116561889648,45.9806175231934,11.408182144165,25.2129402160645,18.022741317749,5.95433521270752,7.97879219055176,,False,0,16.2045703104415,False,0,False,False,False,False,False
16.64,8.01116561889648,45.9806175231934,11.408182144165,25.2129402160645,18.022741317749,5.95433521270752,7.97879219055176,,False,0,16.2045703104415,False,0,False,False,False,False,False
16.66,8.01116561889648,45.9806175231934,11.408182144165,25.2129402160645,18.022741317749,5.95433521270752,7.97879219055176,,False,0,16.2045703104415,False,0,False,False,False,False,False
16.68,8.01116561889648,45.9818115234375,11.4335784912109,25.1594200134277,18.0233001708984,5.95449829101563,7.97891330718994,,False,0,16.2045703104415,False,0.025000000372529,False,False,False,False,False
16.7,7.94943523406982,45.9935989379883,11.5895614624023,24.8454551696777,18.0284481048584,5.95606374740601,7.98044967651367,,False,0,16.2045703104415,False,0.150000005960464,False,False,False,False,False
16.72,7.58036279678345,46.0408477783203,11.9209928512573,24.252721786499,18.0480327606201,5.96228170394897,7.98763561248779,,False,0,16.2045703104415,False,0.300000011920929,False,False,False,False,False
16.74,6.84855842590332,46.0518035888672,11.9788999557495,24.1582698822021,18.0525035858154,5.96371746063232,7.98936653137207,,False,0,16.2045703104415,False,0.0500000007450581,False,False,False,False,False
16.76,6.72736358642578,46.046215057373,11.9498500823975,24.2053451538086,18.0502243041992,5.96298551559448,7.98848438262939,,False,0,16.2045703104415,False,-0.025000000372529,False,False,False,False,False
16.78,6.78793430328369,46.046215057373,11.9498500823975,24.2053451538086,18.0502243041992,5.96298551559448,7.98848438262939,,False,0,16.2045703104415,False,0,False,False,False,False,False
16.8,6.78793430328369,46.046215057373,11.9498500823975,24.2053451538086,18.0502243041992,5.96298551559448,7.98848438262939,,False,0,16.2045703104415,False,0,False,False,False,False,False
16.82,6.78793430328369,46.046215057373,11.9498500823975,24.2053451538086,18.0502243041992,5.96298551559448,7.98848438262939,,False,0,16.2045703104415,False,0,False,False,False,False,False
16.84,6.78793430328369,46.046215057373,11.9498500823975,24.2053451538086,18.0502243041992,5.96298551559448,7.98848438262939,,False,0,16.2045703104415,False,0,False,False,False,False,False
16.86,6.78793430328369,46.046215057373,11.9498500823975,24.2053451538086,18.0502243041992,5.96298551559448,7.98848438262939,,False,0,16.2045703104415,False,0,False,False,False,False,False
16.88,6.78793430328369,46.046215057373,11.9498500823975,24.2053451538086,18.0502243041992,5.96298551559448,7.98848438262939,,False,0,16.2045703104415,False,0,False,False,False,False,False
16.9,6.78793430328369,46.0518035888672,11.9788999557495,24.1582698822021,18.0525035858154,5.96371746063232,7.98936653137207,,False,0,16.2045703104415,False,0.025000000372529,False,False,False,False,False
16.92,6.72736358642578,46.0576057434082,12.0081539154053,24.1114902496338,18.0548686981201,5.96448230743408,7.99029207229614,,False,0,16.2045703104415,False,0.025000000372529,False,False,False,False,False
16.94,6.66684627532959,46.0636329650879,12.0376100540161,24.0650062561035,18.0573177337646,5.96527147293091,7.99125480651855,,False,0,16.2045703104415,False,0.025000000372529,False,False,False,False,False
16.96,6.60637998580933,46.0636329650879,12.0376100540161,24.0650062561035,18.0573177337646,5.96527147293091,7.99125480651855,,False,0,16.2045703104415,False,0,False,False,False,False,False
16.98,6.60637998580933,46.0636329650879,12.0376100540161,24.0650062561035,18.0573177337646,5.96527147293091,7.99125480651855,,False,0,16.2045703104415,False,0,False,False,False,False,False
17,6.60637998580933,46.0636329650879,12.0376100540161,24.0650062561035,18.0573177337646,5.96527147293091,7.99125480651855,,False,0,16.2045703104415,False,0,False,False,False,False,False
17.02,6.60637998580933,46.069881439209,12.0672626495361,24.01881980896,18.0598583221436,5.96608972549438,7.99225234985352,,False,0,16.2045703104415,False,0.025000000372529,False,False,False,False,False
17.04,6.54596567153931,46.0763511657715,12.0971260070801,23.97292137146,18.0624828338623,5.9669394493103,7.9932918548584,,False,0,16.2045703104415,False,0.025000000372529,False,False,False,False,False
17.06,6.48560428619385,46.0830459594727,12.1271963119507,23.9273109436035,18.0651931762695,5.96781539916992,7.99437046051025,,False,0,16.2045703104415,False,0.025000000372529,False,False,False,False,False
17.08,6.42529010772705,46.1044387817383,12.2186613082886,23.7921981811523,18.0738487243652,5.97062063217163,7.99783086776733,,False,0,16.2045703104415,False,0.0750000029802322,False,False,False,False,False
17.1,6.24464988708496,46.1120109558105,12.2495727539063,23.7477264404297,18.0769100189209,5.97161436080933,7.99905872344971,,False,0,16.2045703104415,False,0.025000000372529,False,False,False,False,False
17.12,6.18453359603882,46.1198081970215,12.2807035446167,23.7035331726074,18.0800552368164,5.97263717651367,8.00032901763916,,False,0,16.2045703104415,False,0.025000000372529,False,False,False,False,False
17.14,6.1244649887085,46.1278266906738,12.3120536804199,23.6596145629883,18.083288192749,5.97368860244751,8.00163841247559,,False,0,16.2045703104415,False,0.025000000372529,False,False,False,False,False
17.16,6.06444549560547,46.1360702514648,12.3436183929443,23.6159725189209,18.0866107940674,5.97476863861084,8.0029821395874,,False,0,16.2045703104415,False,0.025000000372529,False,False,False,False,False
17.18,6.00447082519531,46.1360702514648,12.3436183929443,23.6159725189209,18.0866107940674,5.97476863861084,8.0029821395874,,False,0,16.2045703104415,False,0,False,False,False,False,False
17.2,6.00447082519531,46.1360702514648,12.3436183929443,23.6159725189209,18.0866107940674,5.97476863861084,8.0029821395874,,False,0,16.2045703104415,False,0,False,False,False,False,False
17.22,6.00447082519531,46.1360702514648,12.3436183929443,23.6159725189209,18.0866107940674,5.97476863861084,8.0029821395874,,False,0,16.2045703104415,False,0,False,False,False,False,False
17.24,6.00447082519531,46.1360702514648,12.3436183929443,23.6159725189209,18.0866107940674,5.97476863861084,8.0029821395874,,False,0,16.2045703104415,False,0,False,False,False,False,False
17.26,6.00447082519531,46.1360702514648,12.3436183929443,23.6159725189209,18.0866107940674,5.97476863861084,8.0029821395874,,False,0,16.2045703104415,False,0,False,False,False,False,False
17.28,6.00447082519531,46.1360702514648,12.3436183929443,23.6159725189209,18.0866107940674,5.97476863861084,8.0029821395874,,False,0,16.2045703104415,False,0,False,False,False,False,False
17.3,6.00447082519531,46.1360702514648,12.3436183929443,23.6159725189209,18.0866107940674,5.97476863861084,8.0029821395874,,False,0,16.2045703104415,False,0,False,False,False,False,False
17.32,6.00447082519531,46.1360702514648,12.3436183929443,23.6159725189209,18.0866107940674,5.97476863861084,8.0029821395874,,False,0,16.2045703104415,False,0,False,False,False,False,False
17.34,6.00447082519531,46.1360702514648,12.3436183929443,23.6159725189209,18.0866107940674,5.97476863861084,8.0029821395874,,False,0,16.2045703104415,False,0,False,False,False,False,False
17.36,6.00447082519531,46.1445350646973,12.3754100799561,23.572603225708,18.0900173187256,5.9758734703064,8.00436782836914,,False,0,16.2045703104415,False,0.025000000372529,False,False,False,False,False
17.38,5.94454622268677,46.2523803710938,12.7403583526611,23.1130352020264,18.1332893371582,5.9899959564209,8.0221586227417,,False,0,16.2045703104415,False,0.275000005960464,False,False,False,False,False
17.4,5.28827953338623,46.3351783752441,12.9880485534668,22.8365783691406,18.166389465332,6.00082778930664,8.03593635559082,,False,0,16.2045703104415,False,0.174999997019768,False,False,False,False,False
17.42,4.87325859069824,46.3351783752441,12.9880485534668,22.8365783691406,18.166389465332,6.00082778930664,8.03593635559082,,False,0,16.2045703104415,False,0.600000023841858,False,False,False,False,False
17.44,3.46323251724243,19.3778533935547,15.0925340652466,21.2318267822266,18.5137577056885,6.11514711380005,8.1836519241333,,False,0,16.2045703104415,False,0.600000023841858,False,False,False,False,False
17.46,2.06834530830383,19.3494606018066,15.3073081970215,21.1184253692627,18.5525531768799,6.12794733047485,8.20030879974365,,False,0,16.2045703104415,False,0.100000001490116,False,False,False,False,False
17.48,1.83690214157104,19.3389530181885,15.5328063964844,21.005838394165,18.5911750793457,6.14822769165039,8.21941566467285,,False,0,16.2045703104415,False,0.100000001490116,True,False,False,False,False
17.5,1.60636830329895,19.3273658752441,15.5383148193359,21.0025444030762,18.5882606506348,6.15980815887451,8.22233104705811,,False,0,16.1976283859759,False,0,True,False,False,False,False
17.52,1.60751807689667,19.3064193725586,15.5482759475708,20.9965896606445,18.5829906463623,6.18075466156006,8.22760391235352,,False,0,16.1860690015283,False,0,True,False,False,False,False
17.54,1.60960400104523,19.2805786132813,15.5605630874634,20.9892425537109,18.576488494873,6.20659065246582,8.23410606384277,,False,0,16.1651612246799,False,0,True,False,False,False,False
17.56,1.61218297481537,19.2502174377441,15.5750074386597,20.9806060791016,18.5688438415527,6.23696231842041,8.24174880981445,,False,0,16.1393729022913,False,0,True,False,False,False,False
17.58,1.61522674560547,19.2153186798096,15.5915994644165,20.9706859588623,18.5600643157959,6.27185344696045,8.25052928924561,,False,0,16.1090578940718,False,0,True,False,False,False,False
17.6,1.61873805522919,19.2153186798096,15.5915994644165,20.9706859588623,18.5600643157959,6.27185344696045,8.25052928924561,,False,0,16.0742319942466,False,0,True,False,False,False,False
17.62,1.6237850189209,19.1154823303223,15.639084815979,20.9422950744629,18.5349369049072,6.37169694900513,8.27565670013428,,False,0,16.0244037777913,False,0,True,False,False,False,False
17.64,1.62886488437653,19.060338973999,15.6653108596802,20.9266147613525,18.5210590362549,6.42683839797974,8.28953456878662,,False,0,15.9745761469669,False,0,True,False,False,False,False
17.66,1.63451194763184,19.0003662109375,15.6938343048096,20.9095611572266,18.5059661865234,6.48681449890137,8.3046293258667,,False,0,15.9195390798687,False,0,True,False,False,False,False
17.68,1.64070069789886,18.9381561279297,15.7825164794922,20.863826751709,18.4997329711914,6.55550861358643,8.32565498352051,,False,0,15.8596779355195,False,0.025000000372529,True,False,False,False,False
17.7,1.58945202827454,18.8733787536621,15.9359197616577,20.7884159088135,18.501220703125,6.63784503936768,8.35418319702148,,False,0,15.794705000027,False,0.0500000007450581,True,False,False,False,False
17.72,1.48095524311066,18.8733787536621,15.9359197616577,20.7884159088135,18.501220703125,6.63784503936768,8.35418319702148,,False,0,15.7198756805117,False,0.0500000007450581,True,False,False,False,False
17.74,1.3728266954422,18.7436180114746,16.2619743347168,20.6333560943604,18.4993667602539,6.82170009613037,8.41780853271484,,False,0,15.6357972799661,False,0.0500000007450581,True,False,False,False,False
17.76,1.26418972015381,18.6540031433105,16.3083610534668,20.606575012207,18.4753551483154,6.91131258010864,8.44182014465332,,False,0,15.5517028257879,False,0,True,False,False,False,False
17.78,1.27152264118195,18.5594520568848,16.3573036193848,20.5783176422119,18.4500217437744,7.00586986541748,8.46715450286865,,False,0,15.4621932246874,False,0,True,False,False,False,False
17.8,1.27935636043549,18.4594535827637,16.4090690612793,20.5484313964844,18.423225402832,7.10586929321289,8.49395084381104,,False,0,15.3677466877267,False,0,True,False,False,False,False
17.82,1.28774166107178,18.3594436645508,16.4608345031738,20.5185451507568,18.3964290618896,7.2058687210083,8.5207462310791,,False,0,15.2678649931363,False,0,True,False,False,False,False
17.84,1.29623627662659,18.2594528198242,16.5125999450684,20.4886569976807,18.3696346282959,7.30586814880371,8.54754161834717,,False,0,15.167984852281,False,0,True,False,False,False,False
17.86,1.30484509468079,18.1594581604004,16.5643653869629,20.4587707519531,18.3428382873535,7.4058666229248,8.57433795928955,,False,0,15.0681062960581,False,0,True,False,False,False,False
17.88,1.31356799602509,18.1594581604004,16.5643653869629,20.4587707519531,18.3428382873535,7.4058666229248,8.57433795928955,,False,0,14.9682293561889,False,0,True,False,False,False,False
17.9,1.32240951061249,17.9594535827637,16.667896270752,20.398998260498,18.2892475128174,7.60586500167847,8.62793064117432,,False,0,14.8683540652466,False,0,True,False,False,False,False
17.92,1.33136975765228,17.8594512939453,16.7196617126465,20.3691101074219,18.262451171875,7.70586442947388,8.65472602844238,,False,0,14.7684804566848,False,0,True,False,False,False,False
17.94,1.34045302867889,17.7594528198242,16.771427154541,20.3392238616943,18.2356548309326,7.80586385726929,8.68152236938477,,False,0,14.668608564868,False,0,True,False,False,False,False
17.96,1.34966027736664,17.6594619750977,16.8231925964355,20.3093376159668,18.2088584899902,7.9058632850647,8.70831775665283,,False,0,14.568738425102,False,0,True,False,False,False,False
17.98,1.35899591445923,17.6024551391602,17.0695991516113,20.2030925750732,18.2139949798584,8.02000045776367,8.75104999542236,,False,0,14.4688700736671,False,0.0750000029802322,True,False,False,False,False
18,1.19410133361816,17.6024551391602,17.0695991516113,20.2030925750732,18.2139949798584,8.02000045776367,8.75104999542236,,False,0,14.3689726945401,False,0,True,False,False,False,False
18.02,1.20247805118561,17.4024620056152,17.1768665313721,20.1420955657959,18.1590042114258,8.21999835968018,8.80604267120361,,False,0,14.2690767366321,False,0,True,False,False,False,False
18.04,1.21097326278687,17.3024673461914,17.2305011749268,20.1115951538086,18.1315078735352,8.31999778747559,8.83353900909424,,False,0,14.1691822300029,False,0,True,False,False,False,False
18.06,1.21958911418915,17.2196311950684,17.3510036468506,20.0561141967773,18.1147880554199,8.42504024505615,8.86651039123535,,False,0,14.0692892055657,False,0.025000000372529,True,False,False,False,False
18.08,1.17021048069,17.1196250915527,17.4052696228027,20.0254096984863,18.0870571136475,8.52503967285156,8.8942403793335,,False,0,13.9693871362226,False,0,True,False,False,False,False
18.1,1.17865705490112,17.0196304321289,17.4595355987549,19.9947071075439,18.059326171875,8.62503910064697,8.92197132110596,,False,0,13.8694864714151,False,0,True,False,False,False,False
18.12,1.18722653388977,16.9196319580078,17.513801574707,19.9640045166016,18.0315971374512,8.7250394821167,8.9497013092041,,False,0,13.7695872417138,False,0,True,False,False,False,False
18.14,1.19592130184174,16.9196319580078,17.513801574707,19.9640045166016,18.0315971374512,8.7250394821167,8.9497013092041,,False,0,13.6696894785821,False,0,True,False,False,False,False
18.16,1.20474469661713,16.7196273803711,17.62233543396,19.9026012420654,17.9761352539063,8.92504024505615,9.00516223907471,,False,0,13.5697932144099,False,0,True,False,False,False,False
18.18,1.21369874477386,16.6377868652344,17.7453346252441,19.847297668457,17.9591789245605,9.03049373626709,9.03851795196533,,False,0,13.469898482547,False,0.025000000372529,True,False,False,False,False
18.2,1.16464519500732,16.6275501251221,18.0823154449463,19.7196807861328,17.9752292633057,9.15304756164551,9.08955192565918,,False,0,13.3699931418099,False,0.100000001490116,True,False,False,False,False
18.22,0.940944910049438,16.5845603942871,18.2852039337158,19.6406059265137,17.9688930511475,9.26475620269775,9.13033008575439,,False,0,13.2700559250309,False,0.0500000007450581,True,False,False,False,False
18.24,0.831892192363739,16.5899391174316,18.5679206848145,19.5386695861816,17.9740562438965,9.38289356231689,9.17796611785889,,False,0,13.1701059053234,False,0.0750000029802322,True,False,False,False,False
18.26,0.663986563682556,16.7557640075684,19.0173606872559,19.3927211761475,18.0034713745117,9.51451873779297,9.23961067199707,,False,0,13.0701377103821,False,0.125,True,False,False,False,False
18.28,0.378732353448868,45.0209007263184,19.6142749786377,19.2067546844482,18.0596504211426,9.66154193878174,9.31744003295898,,False,0,12.9701491505616,False,0.174999997019768,True,False,False,False,False
18.3,359.975250244141,44.9209022521973,19.6838493347168,19.1716861724854,18.0266780853271,9.76154327392578,9.35041332244873,,False,0,12.8701489212571,False,0,True,False,False,False,False
18.32,359.975036621094,44.8208999633789,19.7534217834473,19.1366176605225,17.9937038421631,9.86154365539551,9.38338756561279,,False,0,12.7701486926114,False,0,True,False,False,False,False
18.34,359.974853515625,44.7208976745605,19.8229961395264,19.1015510559082,17.960729598999,9.96154499053955,9.41636085510254,,False,0,12.67014846464,False,0,True,False,False,False,False
18.36,359.974639892578,44.6208992004395,19.8925685882568,19.0664825439453,17.9277572631836,10.0615453720093,9.44933414459229,,False,0,12.5701482373591,False,0,True,False,False,False,False
18.38,359.974456787109,44.5530967712402,20.0492572784424,19.0104103088379,17.9075736999512,10.1688461303711,9.48929405212402,,False,0,12.4701480107853,False,0.025000000372529,True,False,False,False,False
18.4,359.916168212891,44.518123626709,20.2970218658447,18.933629989624,17.900203704834,10.2837696075439,9.5366907119751,,False,0,12.3701475084226,False,0.0500000007450581,True,False,False,False,False
18.42,359.79931640625,44.4181213378906,20.3689117431641,18.8979816436768,17.8665027618408,10.3837718963623,9.57039356231689,,False,0,12.2701488661733,False,0,True,False,False,False,False
18.44,359.797668457031,44.3181190490723,20.4408016204834,18.8623352050781,17.832799911499,10.4837732315063,9.60409450531006,,False,0,12.1701502708451,False,0,True,False,False,False,False
18.46,359.795989990234,44.2181167602539,20.5126914978027,18.8266868591309,17.7990989685059,10.5837755203247,9.63779640197754,,False,0,12.070151723604,False,0,True,False,False,False,False
18.48,359.794311523438,44.1507263183594,20.6758785247803,18.770637512207,17.7783794403076,10.6916198730469,9.67877006530762,,False,0,11.9701532256554,False,0.025000000372529,True,False,False,False,False
18.5,359.734466552734,44.1507263183594,20.6758785247803,18.770637512207,17.7783794403076,10.6916198730469,9.67877006530762,,False,0,11.8701593899488,False,0,True,False,False,False,False
18.52,359.732208251953,43.9507255554199,20.8212261199951,18.6989593505859,17.7104911804199,10.8916187286377,9.74665832519531,,False,0,11.7701656392485,False,0,True,False,False,False,False
18.54,359.729919433594,43.8507270812988,20.8938999176025,18.663122177124,17.6765460968018,10.9916181564331,9.78060245513916,,False,0,11.6701719757394,False,0,True,False,False,False,False
18.56,359.727600097656,43.7507286071777,20.96657371521,18.6272830963135,17.6426029205322,11.0916166305542,9.81454658508301,,False,0,11.5701784016824,False,0,True,False,False,False,False
18.58,359.725219726563,43.6507301330566,21.0392456054688,18.5914440155029,17.6086540222168,11.1916160583496,9.84849071502686,,False,0,11.4701849194168,False,0,True,False,False,False,False
18.6,359.722808837891,43.5185623168945,21.0187015533447,18.575777053833,17.5618782043457,11.2833299636841,9.87501239776611,,False,0,11.3701915313643,False,-0.025000000372529,True,False,False,False,False
18.62,359.778472900391,43.4185600280762,21.0905914306641,18.5401287078857,17.5281772613525,11.3833322525024,9.90871429443359,,False,0,11.2701935116856,False,0,True,False,False,False,False
18.64,359.776489257813,43.3185577392578,21.1624813079834,18.5044822692871,17.4944763183594,11.4833335876465,9.94241523742676,,False,0,11.1701955542751,False,0,True,False,False,False,False
18.66,359.774475097656,43.2185554504395,21.2343711853027,18.4688339233398,17.4607734680176,11.5833358764648,9.97611713409424,,False,0,11.0701976608202,False,0,True,False,False,False,False
18.68,359.772430419922,43.0869369506836,21.2126960754395,18.4533348083496,17.4144420623779,11.6748218536377,10.0023555755615,,False,0,10.9701998330699,False,-0.025000000372529,True,False,False,False,False
18.7,359.828460693359,42.893798828125,21.0076351165771,18.4790019989014,17.3437747955322,11.7494649887085,10.0136985778809,,False,0,10.8702009068531,False,-0.0750000029802322,True,False,False,False,False
18.72,0.00132759276311845,42.7938003540039,21.076452255249,18.4441261291504,17.3110427856445,11.8494663238525,10.0464315414429,,False,0,10.7701996953094,False,0,True,False,False,False,False
18.74,0.00134180509485304,42.6937980651855,21.1452713012695,18.4092502593994,17.2783088684082,11.9494676589966,10.0791645050049,,False,0,10.6701984837688,False,0,True,False,False,False,False
18.76,0.00135569088160992,42.5035362243652,20.9432182312012,18.4363460540771,17.2094841003418,12.0240793228149,10.0900955200195,,False,0,10.5701972722312,False,-0.0750000029802322,True,False,False,False,False
18.78,0.175857156515121,14.0269756317139,20.4052066802979,18.551118850708,17.0968284606934,12.0667552947998,10.0731029510498,,False,0,10.4702010286035,False,-0.174999997019768,True,False,False,False,False
18.8,0.584801912307739,13.8840160369873,20.3833637237549,18.5400142669678,17.0553817749023,12.1587734222412,10.0966463088989,,False,0,10.3702234890586,False,-0.025000000372529,True,False,False,False,False
18.82,0.6486936211586,13.7840261459351,20.4442615509033,18.5072937011719,17.0252799987793,12.2587728500366,10.126748085022,,False,0,10.2702538053087,False,0,True,False,False,False,False
18.84,0.655071437358856,13.684006690979,20.5051422119141,18.4745807647705,16.9951877593994,12.358772277832,10.1568412780762,,False,0,10.1702847085724,False,0,True,False,False,False,False
18.86,0.661576509475708,13.5840063095093,20.5660400390625,18.4418601989746,16.9650859832764,12.4587717056274,10.1869421005249,,False,0,10.0703162163319,False,0,True,False,False,False,False
18.88,0.66821151971817,13.4840106964111,20.6269207000732,18.4091472625732,16.9349937438965,12.5587711334229,10.2170352935791,,False,0,9.97034834677005,False,0,True,False,False,False,False
18.9,0.591777920722961,13.3840188980103,20.6878185272217,18.3764266967773,16.9048919677734,12.6587705612183,10.2471370697021,,False,0,9.96511985117657,False,0,True,False,False,False,False
18.92,0.514592230319977,13.2840099334717,20.7486991882324,18.343713760376,16.8747997283936,12.7587699890137,10.2772302627563,,False,0,9.95978799062472,False,0,True,False,False,False,False
18.94,0.436393797397614,13.2840099334717,20.7486991882324,18.343713760376,16.8747997283936,12.7587699890137,10.2772302627563,,False,0,9.95428038266391,False,0.100000001490116,True,False,False,False,False
18.96,0.124013982713223,13.7439708709717,21.5785732269287,18.10910987854,16.9040279388428,13.0286302566528,10.3955507278442,,False,0,9.94848377357951,False,0.100000001490116,True,False,False,False,False
18.98,359.807403564453,41.5166893005371,22.0202236175537,17.9940586090088,16.9193897247314,13.1657543182373,10.4577045440674,,False,0,9.94227300505475,False,0.100000001490116,True,False,False,False,False
19,359.485809326172,41.416690826416,22.0897979736328,17.9589900970459,16.886417388916,13.265754699707,10.4906787872314,,False,0,9.93545475335665,False,0,True,False,False,False,False
19.02,359.391021728516,41.3166885375977,22.1593704223633,17.9239234924316,16.853443145752,13.3657560348511,10.5236520767212,,False,0,9.92772717947789,False,0,True,False,False,False,False
19.04,359.291229248047,41.2166862487793,22.2289447784424,17.8888568878174,16.8204708099365,13.4657564163208,10.5566234588623,,False,0,9.91866625674438,False,0,True,False,False,False,False
19.06,359.184631347656,41.1166877746582,22.2985172271729,17.8537883758545,16.7874965667725,13.5657577514648,10.5895967483521,,False,0,9.90765119307651,False,0,True,False,False,False,False
19.08,359.068969726563,41.0166854858398,22.368091583252,17.8187198638916,16.7545223236084,13.6657581329346,10.6225700378418,,False,0,9.89376398108007,False,0,True,False,False,False,False
19.1,358.941345214844,41.0166854858398,22.368091583252,17.8187198638916,16.7545223236084,13.6657581329346,10.6225700378418,,False,0,9.87562437890276,False,0,True,False,False,False,False
19.12,358.798583984375,40.8166847229004,22.5072383880615,17.7485847473145,16.6885757446289,13.8657598495483,10.6885166168213,,False,0,9.85113948990753,False,0,True,False,False,False,False
19.14,358.637878417969,40.716682434082,22.576810836792,17.7135162353516,16.6555995941162,13.9657611846924,10.7214908599854,,False,0,9.8170960398897,False,0,True,False,False,False,False
19.16,358.459228515625,40.6166839599609,22.6463851928711,17.6784496307373,16.6226253509521,14.0657615661621,10.7544641494751,,False,0,9.76861095475722,False,0,True,False,False,False,False
19.18,358.271453857422,40.5166816711426,22.7159576416016,17.6433811187744,16.5896511077881,14.1657629013062,10.7874374389648,,False,0,9.69871523908832,False,0,True,False,False,False,False
19.2,358.10986328125,40.4166831970215,22.785530090332,17.6083126068115,16.5566787719727,14.2657632827759,10.8204107284546,,False,0,9.60063289908658,False,0,True,False,False,False,False
19.22,358.057067871094,40.3166809082031,22.8551044464111,17.5732460021973,16.5237045288086,14.3657646179199,10.8533840179443,,False,0,9.49094943226383,False,0,True,False,False,False,False
19.24,358.012359619141,40.3166809082031,22.8551044464111,17.5732460021973,16.5237045288086,14.3657646179199,10.8533840179443,,False,0,9.36093950901795,False,0,True,False,False,False,False
19.26,357.9794921875,40.1166801452637,22.9942512512207,17.5031108856201,16.4577579498291,14.5657663345337,10.9193315505981,,False,0,9.18671527832992,False,0,True,False,False,False,False
19.28,357.974395751953,40.0166778564453,23.0638236999512,17.4680423736572,16.4247856140137,14.6657667160034,10.9523057937622,,False,0,9.00115505399455,False,0,True,False,False,False,False
19.3,357.989776611328,39.916675567627,23.1333980560303,17.4329738616943,16.3918113708496,14.7657680511475,10.985279083252,,False,0,8.81046934253164,False,0,True,False,False,False,False
19.32,358.019439697266,39.8166770935059,23.2029705047607,17.3979072570801,16.3588371276855,14.8657684326172,11.0182523727417,,False,0,8.6171594787888,False,0,True,False,False,False,False
19.34,358.059112548828,39.7166748046875,23.2725448608398,17.3628387451172,16.3258647918701,14.9657697677612,11.0512256622314,,False,0,8.42242678627814,False,0,True,False,False,False,False
19.36,358.106079101563,39.6166763305664,23.3421173095703,17.3277702331543,16.2928905487061,15.065770149231,11.0841999053955,,False,0,8.22690364680548,False,0,True,False,False,False,False
19.38,358.15869140625,39.516674041748,23.4116916656494,17.29270362854,16.2599182128906,15.165771484375,11.1171731948853,,False,0,8.03093872732705,False,0,True,False,False,False,False
19.4,358.216033935547,39.4166717529297,23.4812641143799,17.2576351165771,16.2269439697266,15.2657718658447,11.1501474380493,,False,0,7.83473506337979,False,0,True,False,False,False,False
19.42,358.277618408203,39.3166732788086,23.550838470459,17.2225666046143,16.1939697265625,15.3657732009888,11.1831216812134,,False,0,7.63841023088817,False,0,True,False,False,False,False
19.44,358.343200683594,39.2166709899902,23.6204109191895,17.1875,16.1609973907471,15.4657735824585,11.2160959243774,,False,0,7.44203314103382,False,0,True,False,False,False,False
19.46,358.412811279297,39.1166687011719,23.6899909973145,17.1524314880371,16.128023147583,15.5657749176025,11.2490701675415,,False,0,7.24564487941753,False,0,True,False,False,False,False
19.48,358.486602783203,39.0166702270508,23.7595634460449,17.1173629760742,16.0950508117676,15.6657752990723,11.2820434570313,,False,0,7.04927659382367,False,0,True,False,False,False,False
19.5,358.564788818359,38.9166679382324,23.8291358947754,17.08229637146,16.0620765686035,15.7657766342163,11.315016746521,,False,0,6.85294669554743,False,0,True,False,False,False,False
19.52,358.647674560547,38.8166694641113,23.8987102508545,17.0472278594971,16.0291061401367,15.865777015686,11.3479900360107,,False,0,6.65666874044655,False,0,True,False,False,False,False
19.54,358.735656738281,38.8166694641113,23.8987102508545,17.0472278594971,16.0291061401367,15.865777015686,11.3479900360107,,False,0,6.46045309497549,False,-0.174999997019768,True,False,False,False,False
19.56,359.239288330078,10.130952835083,22.6678447723389,17.2543525695801,15.8146886825562,15.9139528274536,11.3019866943359,,False,0,6.26425379933007,False,-0.174999997019768,True,False,False,False,False
19.58,359.755645751953,9.97079086303711,22.5458679199219,17.2633857727051,15.7651062011719,15.9935035705566,11.3168249130249,,False,0,6.06812081649431,False,-0.0500000007450581,True,False,False,False,False
19.6,359.993286132813,9.81864929199219,22.4253692626953,17.2732734680176,15.7163896560669,16.0732841491699,11.3314008712769,,False,0,5.872105194373,False,-0.0500000007450581,True,False,False,False,False
19.62,0.241404950618744,9.69509696960449,22.3938827514648,17.2628192901611,15.6780729293823,16.1632480621338,11.3528699874878,,False,0,5.67622414383383,False,-0.025000000372529,True,False,False,False,False
19.64,0.442491382360458,9.57309150695801,22.3623085021973,17.25266456604,15.6400995254517,16.253231048584,11.3741455078125,,False,0,5.48049946494044,False,-0.025000000372529,True,False,False,False,False
19.66,0.655330777168274,9.47310447692871,22.4178638458252,17.2215538024902,15.6118974685669,16.3532314300537,11.4023494720459,,False,0,5.28495573951955,False,0,True,False,False,False,False
19.68,0.822522938251495,9.37310028076172,22.4734191894531,17.1904411315918,15.5836925506592,16.4532299041748,11.4305553436279,,False,0,5.08960960852541,False,0,True,False,False,False,False
19.7,1.00311100482941,9.27309703826904,22.5289726257324,17.1593284606934,15.5554876327515,16.5532283782959,11.4587593078613,,False,0,4.89448349379902,False,0,True,False,False,False,False
19.72,1.19876980781555,9.17310905456543,22.5845279693604,17.1282157897949,15.5272836685181,16.653226852417,11.486964225769,,False,0,4.69960480043923,False,0,True,False,False,False,False
19.74,1.41146183013916,9.07310581207275,22.6400833129883,17.0971031188965,15.4990797042847,16.7532272338867,11.5151691436768,,False,0,4.50500563761188,False,0,True,False,False,False,False
19.76,1.64350807666779,8.97311019897461,22.6956424713135,17.0659923553467,15.4708757400513,16.8532257080078,11.5433731079102,,False,0,4.31072386205402,False,0,True,False,False,False,False
19.78,1.89766395092011,8.87311935424805,22.7511978149414,17.0348796844482,15.4426717758179,16.9532260894775,11.5715780258179,,False,0,4.11680440878749,False,0,True,False,False,False,False
19.8,2.17723870277405,8.77311992645264,22.8067531585693,17.0037670135498,15.4144668579102,17.0532245635986,11.5997819900513,,False,0,3.92330100437192,False,0,True,False,False,False,False
19.82,2.48622989654541,8.67311096191406,22.8623085021973,16.9726543426514,15.3862628936768,17.1532230377197,11.6279859542847,,False,0,3.73027839536981,False,0,True,False,False,False,False
19.84,2.82951688766479,8.57311630249023,22.9178619384766,16.9415416717529,15.3580570220947,17.2532234191895,11.6561908721924,,False,0,3.53781527900809,False,0,True,False,False,False,False
19.86,3.21311497688293,8.47312450408936,22.9734172821045,16.9104290008545,15.329852104187,17.3532218933105,11.6843948364258,,False,0,3.34600820309317,False,0,True,False,False,False,False
19.88,3.64452791213989,8.37312507629395,23.0289726257324,16.8793182373047,15.3016481399536,17.4532222747803,11.7125988006592,,False,0,3.15497682199313,False,0,True,False,False,False,False
19.9,4.13322734832764,8.27312183380127,23.0845279693604,16.8482055664063,15.2734441757202,17.5532188415527,11.7407960891724,,False,0,2.96487107726867,False,0,True,False,False,False,False
19.92,4.69134998321533,8.17312622070313,23.1400833129883,16.8170928955078,15.2452392578125,17.6532192230225,11.7690010070801,,False,0,2.77588115158018,False,0,True,False,False,False,False
19.94,5.33468866348267,8.07313060760498,23.1956386566162,16.7859802246094,15.2170352935791,17.7532176971436,11.7972049713135,,False,0,2.58825148235932,False,0,True,False,False,False,False
19.96,6.08416366577148,7.97313117980957,23.2511940002441,16.7548675537109,15.1888303756714,17.8532161712646,11.8254089355469,,False,0,2.40230081578801,False,0,True,False,False,False,False
19.98,6.96806764602661,7.87312746047974,23.3067474365234,16.7237567901611,15.1606273651123,17.9532165527344,11.8536138534546,,False,0,2.21845139421615,False,0,True,False,False,False,False
20,8.02557182312012,7.77313995361328,23.3623027801514,16.6926441192627,15.1324234008789,18.0532150268555,11.881817817688,,False,0,2.03727216464241,False,0,True,False,False,False,False
20.02,9.31239318847656,7.67313623428345,23.4178581237793,16.6615314483643,15.1042184829712,18.1532154083252,11.9100217819214,,False,0,1.85954377805883,False,0,True,False,False,False,False
20.04,10.9103565216064,7.71444654464722,24.1362190246582,16.4902877807617,15.1420621871948,18.334077835083,11.992205619812,,False,0,1.6863576600387,False,0.174999997019768,True,False,False,False,False
20.06,12.4405860900879,7.82922077178955,24.9053401947021,16.3240127563477,15.1822710037231,18.5204410552979,12.0794830322266,,False,0,1.51859699962018,False,0.174999997019768,True,False,False,False,False
20.08,14.5077457427979,36.4255142211914,27.5470962524414,15.9079761505127,15.3984966278076,18.9276657104492,12.3144016265869,,False,0,1.35820338887181,False,0.550000011920929,True,False,False,False,False
20.1,16.1636371612549,30.1087474822998,35.5246925354004,15.0128955841064,16.4096240997314,20.3334426879883,13.2107572555542,,False,0,1.20623440660707,False,1.67500007152557,True,False,False,False,False
20.12,15.05579662323,30.1087474822998,35.5246925354004,15.0128955841064,16.4096240997314,20.3334426879883,13.2107572555542,,False,0,1.06067842891856,False,2.32500004768372,True,False,False,False,False
20.14,12.6573629379272,18.1686782836914,6.80732202529907,14.3756380081177,22.8775691986084,14.9081325531006,18.9629287719727,,False,0,0.921985690900426,False,2.32500004768372,True,False,False,False,False
20.16,10.9576568603516,15.3675451278687,36.6459808349609,15.3398084640503,19.5493354797363,12.8001585006714,30.6595668792725,,False,0,0.793573346232296,False,3.10000014305115,True,False,False,False,False
20.18,7.80697298049927,14.7243890762329,29.9339733123779,15.9769058227539,18.8911170959473,12.4455280303955,35.3775329589844,,False,0,0.676991464313597,False,1.14999997615814,True,False,False,False,False
20.2,10.8429088592529,14.4792518615723,27.9234294891357,16.1793384552002,18.7324409484863,12.4222564697266,35.0000915527344,,False,0,0.580586302455853,False,0.400000005960464,True,False,False,False,False
20.22,18.3364601135254,14.2070369720459,25.5527057647705,16.5697822570801,18.5323925018311,12.3738088607788,34.5596580505371,,False,0,0.514989964840713,False,0.574999988079071,True,False,False,False,False
20.24,29.1185855865479,14.0333986282349,24.3973789215088,16.7430896759033,18.4556999206543,12.4093790054321,34.3605766296387,,False,0,0.489537064233905,False,0.300000011920929,True,False,False,False,False
20.26,46.5732498168945,13.829984664917,22.7319030761719,17.1820087432861,18.3350658416748,12.4175386428833,34.0912170410156,,False,0,0.509752455300784,False,0.525000035762787,True,False,False,False,False
20.28,66.499755859375,13.6630373001099,21.4133205413818,17.625337600708,18.2574195861816,12.4572086334229,33.9146385192871,,False,0,0.56755076703373,False,0.474999994039536,True,False,False,False,False
20.3,85.2154159545898,13.5002813339233,19.2049407958984,19.0093460083008,18.1775779724121,12.4999628067017,6.60409450531006,,False,0,0.65143009087637,False,1.05000007152557,True,False,False,False,False
20.32,92.6074523925781,13.4328861236572,17.7824287414551,20.4252510070801,18.217716217041,12.6306028366089,6.54211282730103,,False,0,0.746078573227519,False,0.850000023841858,True,False,False,False,False
20.34,97.7736129760742,13.5677289962769,15.9984998703003,21.8074054718018,18.522424697876,12.9532070159912,34.4499588012695,,False,0,0.846432845226157,False,1.47500002384186,True,False,False,False,False
20.36,93.2074508666992,13.9347219467163,14.7392063140869,20.23805809021,19.133430480957,13.5021657943726,35.6684455871582,,False,0,0.942904384879899,False,1.45000004768372,True,False,False,False,False
20.38,86.7612762451172,14.3670196533203,14.033278465271,19.3650894165039,19.8256320953369,14.1212606430054,32.1302375793457,,False,0,1.03317321771131,False,1.10000002384186,True,False,False,False,False
20.4,82.5975570678711,15.2548389434814,13.4013757705688,18.5687522888184,21.1368846893311,15.1741256713867,25.0551834106445,,False,0,1.11866292429847,False,1.45000004768372,True,False,False,False,False
20.42,73.7150115966797,15.8466386795044,13.130672454834,18.2542991638184,22.0300464630127,15.9660768508911,22.457836151123,,False,0,1.19525336053359,False,0.775000035762787,True,False,False,False,False
20.44,71.1530685424805,17.7352504730225,12.8690996170044,17.9321537017822,19.0821571350098,18.0801677703857,18.7186889648438,,False,0,1.268024844136,False,1.64999997615814,True,False,False,False,False
20.46,59.844539642334,18.5441207885742,12.7979259490967,17.8600959777832,18.2432289123535,19.1109752655029,17.7029438018799,,False,0,1.32899525459627,False,0.574999988079071,True,False,False,False,False
20.48,58.2607612609863,19.9053134918213,12.7818489074707,17.8546447753906,17.2620143890381,20.7234153747559,16.5816078186035,,False,0,1.38689377053404,False,0.775000035762787,True,False,False,False,False
20.5,54.7096290588379,21.6739292144775,12.8536329269409,17.9592475891113,16.3254165649414,23.0645866394043,15.5372676849365,,False,0,1.43977776518836,False,0.900000035762787,True,False,False,False,False
20.52,50.111457824707,19.7901363372803,13.2574453353882,18.506856918335,15.0362930297852,29.3071479797363,14.1767158508301,,False,0,1.48643271729918,False,1.625,True,False,False,False,False
20.54,40.9201126098633,19.3947906494141,13.3489580154419,18.6043376922607,14.8601388931274,31.2830352783203,13.9161128997803,,False,0,1.52108304893034,False,0.349999994039536,True,False,False,False,False
20.56,40.1359710693359,18.6403217315674,13.7482423782349,19.1181831359863,14.3988542556763,36.893741607666,13.4046001434326,,False,0,1.55366103214774,False,0.925000011920929,True,False,False,False,False
20.58,35.9980010986328,18.0924854278564,14.2111787796021,19.7034473419189,14.0849924087524,36.1049423217773,13.0492677688599,,False,0,1.57978671635099,False,0.824999988079071,True,False,False,False,False
20.6,32.587459564209,17.8906707763672,14.3347358703613,19.8080081939697,14.0340957641602,36.0012054443359,12.9471893310547,,False,0,1.60029216161721,False,0.225000008940697,True,False,False,False,False
20.62,32.150089263916,17.5675563812256,14.7443656921387,20.2978897094727,13.8831491470337,35.6510429382324,12.761061668396,,False,0,1.61945181791659,False,0.574999988079071,True,False,False,False,False
20.64,30.0140743255615,17.4675540924072,14.71848487854,20.1823463439941,13.9055490493774,35.7510452270508,12.7386617660522,,False,0,1.63482319867271,False,0,True,False,False,False,False
20.66,30.4911804199219,17.3675537109375,14.6926031112671,20.066801071167,13.9279489517212,35.8510475158691,12.7162618637085,,False,0,1.6503389227422,False,0,True,False,False,False,False
20.68,30.9658584594727,17.2675533294678,14.6667222976685,19.9512577056885,13.9503488540649,35.9510498046875,12.6938619613647,,False,0,1.66599495724075,False,0,True,False,False,False,False
20.7,31.4380569458008,17.1675510406494,14.6408414840698,19.83571434021,13.9727478027344,36.0510520935059,12.671462059021,,False,0,1.68178738365465,False,0,True,False,False,False,False
20.72,31.9077281951904,17.0675506591797,14.6149597167969,19.7201709747314,13.9951477050781,36.1510543823242,12.6490631103516,,False,0,1.69771239576166,False,0,True,False,False,False,False
20.74,32.3748321533203,16.9675483703613,14.5890789031982,19.6046276092529,14.0175466537476,36.2510528564453,12.6266632080078,,False,0,1.71376629744554,False,0,True,False,False,False,False
20.76,32.8393287658691,16.867546081543,14.5631971359253,19.4890823364258,14.0399465560913,36.3510551452637,12.6042633056641,,False,0,1.72994550042248,False,0,True,False,False,False,False
20.78,33.3011894226074,16.7675437927246,14.5373163223267,19.3735389709473,14.0623464584351,36.451057434082,12.5818634033203,,False,0,1.74624652189725,False,0,True,False,False,False,False
20.8,33.7603645324707,16.6675415039063,14.5114364624023,19.2579956054688,14.0847463607788,36.5510597229004,12.5594644546509,,False,0,1.76266598216422,False,0,True,False,False,False,False
20.82,34.2168273925781,16.5675392150879,14.4855556488037,19.1424522399902,14.1071453094482,36.6510620117188,12.5370645523071,,False,0,1.77920060216777,False,0,True,False,False,False,False
20.84,34.6705284118652,16.4675388336182,14.4596738815308,19.0269088745117,14.129545211792,36.7510643005371,12.5146646499634,,False,0,1.79584720103461,False,0,True,False,False,False,False
20.86,35.1214599609375,16.3675384521484,14.4337930679321,18.9113655090332,14.1519451141357,36.8510627746582,12.4922647476196,,False,0,1.81260269358953,False,0,True,False,False,False,False
20.88,35.5695838928223,16.2675361633301,14.4079122543335,18.7958221435547,14.1743440628052,36.9510650634766,12.4698648452759,,False,0,1.82946408786468,False,0,True,False,False,False,False
20.9,36.0148429870605,16.1067676544189,14.546422958374,18.8918952941895,14.142560005188,9.65597820281982,12.4019298553467,,False,0,1.84642848261167,False,0.200000002980232,True,False,False,False,False
20.92,35.3780937194824,15.812858581543,15.2916460037231,19.7611713409424,13.9879941940308,9.11953926086426,12.2363538742065,,False,0,1.86201904258936,False,0.824999988079071,True,False,False,False,False
20.94,31.5868072509766,15.5782871246338,17.0010375976563,19.7942695617676,13.8745307922363,9.46393871307373,12.1264572143555,,False,0,1.87178153293294,False,1.39999997615814,True,False,False,False,False
20.96,25.6387519836426,15.8859834671021,18.2522888183594,16.3441619873047,14.2252407073975,37.4118995666504,12.458667755127,,False,0,1.87225886396971,False,2.70000004768372,True,False,False,False,False
20.98,16.1341495513916,16.7285327911377,16.578031539917,14.9007339477539,15.0360088348389,31.0449199676514,13.2356081008911,,False,0,1.85789340829146,False,2.02500009536743,True,False,False,False,False
21,10.0033321380615,17.0522842407227,16.1508464813232,14.5581426620483,15.3706827163696,27.6626129150391,13.6189374923706,,False,0,1.83589588358516,False,0.625,True,False,False,False,False
21.02,7.81409406661987,17.6480484008789,15.7063398361206,14.1892528533936,15.9433965682983,24.2013492584229,14.2320041656494,,False,0,1.81282040191958,False,0.850000023841858,True,False,False,False,False
21.04,5.03999137878418,17.7099475860596,15.5581836700439,14.0820207595825,16.029613494873,23.6914939880371,14.4232721328735,,False,0,1.78893149746891,False,0.174999997019768,True,False,False,False,False
21.06,3.87972688674927,17.8524684906006,15.39328956604,13.9567947387695,16.1864681243896,22.9771823883057,14.6844301223755,,False,0,1.76606582293113,False,0.25,True,False,False,False,False
21.08,2.50491261482239,17.8787784576416,15.2717714309692,13.8686561584473,16.2361221313477,22.6928882598877,14.8537168502808,,False,0,1.74435844038639,False,0.125,True,False,False,False,False
21.1,1.39347362518311,17.8043727874756,15.1795749664307,13.8063058853149,16.19362449646,22.7175579071045,14.9408226013184,,False,0,1.72415649257418,False,0.025000000372529,True,False,False,False,False
21.12,0.494398385286331,17.7557430267334,15.0810642242432,13.7377109527588,16.1741237640381,22.6680355072021,15.0503702163696,,False,0,1.70564627696723,False,0.0500000007450581,True,False,False,False,False
21.14,359.514251708984,17.6557445526123,14.9961290359497,13.681227684021,16.1076221466064,22.7680339813232,15.116870880127,,False,0,1.68890807810412,False,0,True,False,False,False,False
21.16,358.632141113281,17.5557460784912,14.9111928939819,13.6247434616089,16.0411205291748,22.8680324554443,15.1833724975586,,False,0,1.6740163656791,False,0,True,False,False,False,False
21.18,357.732727050781,17.4557456970215,14.8262586593628,13.5682601928711,15.9746198654175,22.9680290222168,15.2498741149902,,False,0,1.66102080389154,False,0,True,False,False,False,False
21.2,356.815979003906,17.3557472229004,14.741322517395,13.5117769241333,15.9081192016602,23.0680274963379,15.3163709640503,,False,0,1.64996619707266,False,0,True,False,False,False,False
21.22,355.881896972656,17.2557487487793,14.6563873291016,13.4552927017212,15.8416175842285,23.1680240631104,15.3828725814819,,False,0,1.64089177404462,False,0,True,False,False,False,False
21.24,354.930419921875,17.1557483673096,14.5714521408081,13.3988084793091,15.7751169204712,23.2680225372314,15.4493732452393,,False,0,1.63383052942927,False,0,True,False,False,False,False
21.26,353.961639404297,17.0557498931885,14.4865198135376,13.3423252105713,15.7086153030396,23.3680191040039,15.5158748626709,,False,0,1.62880864615395,False,0,True,False,False,False,False
21.28,352.975646972656,16.9557514190674,14.4015846252441,13.2858409881592,15.6421146392822,23.468017578125,15.5823755264282,,False,0,1.62584502176547,False,0,True,False,False,False,False
21.3,351.972564697266,16.8557510375977,14.3166484832764,13.2293577194214,15.5756130218506,23.5680141448975,15.6488771438599,,False,0,1.62495091800834,False,0,True,False,False,False,False
21.32,350.952575683594,16.7557525634766,14.2317132949829,13.1728734970093,15.5091123580933,23.6680126190186,15.7153787612915,,False,0,1.62612974857351,False,0,True,False,False,False,False
21.34,349.915954589844,16.6557521820068,14.1467781066895,13.1163892745972,15.4426107406616,23.768009185791,15.7818794250488,,False,0,1.62937701425367,False,0,True,False,False,False,False
21.36,348.862945556641,16.5557537078857,14.061842918396,13.0599060058594,15.37610912323,23.8680076599121,15.8483810424805,,False,0,1.63468038835843,False,0,True,False,False,False,False
21.38,347.793914794922,16.4318675994873,13.983003616333,13.0092744827271,15.28759765625,24.0467491149902,15.8917303085327,,False,0,1.64201994863397,False,-0.025000000372529,True,False,False,False,False
21.4,346.781707763672,16.2153453826904,13.9292974472046,12.983115196228,15.1138677597046,24.5518035888672,15.8437910079956,,False,0,1.65126753073044,False,-0.125,True,False,False,False,False
21.42,346.057678222656,15.894229888916,13.9112138748169,12.9927425384521,14.8448247909546,25.517053604126,15.6895895004272,,False,0,1.66195662308089,False,-0.25,True,False,False,False,False
21.44,345.727172851563,15.6078462600708,13.8906097412109,13.0031242370605,14.6106309890747,26.4639301300049,15.5647611618042,,False,0,1.6734254380137,False,-0.225000008940697,True,False,False,False,False
21.46,345.370880126953,15.0624494552612,14.0089159011841,13.1496181488037,14.1385250091553,29.1920471191406,15.1734161376953,,False,0,1.68560821276576,False,-0.600000023841858,True,False,False,False,False
21.48,346.176025390625,14.5982398986816,14.1562881469727,13.3317260742188,13.7479391098022,32.4538345336914,14.8532190322876,,False,0,1.69675498909942,False,-0.574999988079071,True,False,False,False,False
21.5,346.990081787109,14.4126672744751,14.1288890838623,13.3541278839111,13.6223487854004,33.5119476318359,14.8106536865234,,False,0,1.70679648138892,False,-0.150000005960464,True,False,False,False,False
21.52,346.662078857422,14.0779542922974,14.2572002410889,13.5287637710571,13.3586835861206,36.9086761474609,14.6098699569702,,False,0,1.71724157228753,False,-0.450000017881393,True,False,False,False,False
21.54,347.229827880859,13.9183578491211,14.223593711853,13.5540056228638,13.2631454467773,38.0563888549805,14.5866317749023,,False,0,1.7268188557376,False,-0.125,True,False,False,False,False
21.56,346.933135986328,13.6329317092896,14.3677062988281,13.7536373138428,13.0502729415894,41.2501792907715,14.4272909164429,,False,0,1.7366661147586,False,-0.425000011920929,True,False,False,False,False
21.58,347.520690917969,13.5028820037842,14.3084182739258,13.7624988555908,12.9877023696899,41.2588691711426,14.4291009902954,,False,0,1.74555480903951,False,-0.0750000029802322,True,False,False,False,False
21.6,347.172790527344,13.3453416824341,14.2967319488525,13.8192672729492,12.8996534347534,41.1822662353516,14.399920463562,,False,0,1.75472731772396,False,-0.150000005960464,True,False,False,False,False
21.62,347.054321289063,13.2360916137695,14.2055578231812,13.8006591796875,12.8588304519653,41.253589630127,14.4217596054077,,False,0,1.76385617750716,False,-0.025000000372529,True,False,False,False,False
21.64,346.600616455078,13.117956161499,14.1302108764648,13.7981538772583,12.8096904754639,41.2968139648438,14.4333934783936,,False,0,1.77337915262863,False,-0.0500000007450581,True,False,False,False,False
21.66,346.224334716797,12.9406280517578,14.1704807281494,13.9113664627075,12.7040100097656,41.1522521972656,14.3779201507568,,False,0,1.78318061173319,False,-0.225000008940697,True,False,False,False,False
21.68,346.370666503906,12.8163461685181,14.1118335723877,13.9302091598511,12.6514015197754,41.1746940612793,14.3795413970947,,False,0,1.79251246725285,False,-0.0750000029802322,True,False,False,False,False
21.7,346.114318847656,12.6552019119263,14.1410999298096,14.0387182235718,12.5635862350464,41.0773315429688,14.3379335403442,,False,0,1.80193256790055,False,-0.200000002980232,True,False,False,False,False
21.72,346.238616943359,12.5479288101196,14.04714012146,14.0269813537598,12.5299310684204,41.1536178588867,14.3560743331909,,False,0,1.81089936983426,False,-0.025000000372529,True,False,False,False,False
21.74,345.881011962891,12.4266901016235,13.9887809753418,14.0518894195557,12.482759475708,41.1836280822754,14.3575706481934,,False,0,1.82008945417205,False,-0.0750000029802322,True,False,False,False,False
21.76,345.676361083984,12.3198022842407,13.8941564559937,14.0413589477539,12.4503326416016,41.2606811523438,14.3750619888306,,False,0,1.8292809076041,False,-0.025000000372529,True,False,False,False,False
21.78,345.3359375,12.1996974945068,13.8354482650757,14.0682497024536,12.4049825668335,41.2930183410645,14.3764686584473,,False,0,1.83866563591869,False,-0.0750000029802322,True,False,False,False,False
21.8,345.150482177734,12.0433664321899,13.8891000747681,14.2128448486328,12.3240957260132,41.2013893127441,14.3332118988037,,False,0,1.84801492962981,False,-0.225000008940697,True,False,False,False,False
21.82,345.427612304688,11.9258861541748,13.8311004638672,14.2463417053223,12.2839365005493,41.241268157959,14.3345222473145,,False,0,1.85665272658594,False,-0.0750000029802322,True,False,False,False,False
21.84,345.290008544922,11.7823734283447,13.8719968795776,14.3850383758545,12.2181377410889,41.1900062561035,14.3028039932251,,False,0,1.86519563779273,False,-0.200000002980232,True,False,False,False,False
21.86,345.538055419922,11.6622524261475,13.8349685668945,14.4463691711426,12.1776390075684,41.2193069458008,14.2978315353394,,False,0,1.87308648606687,False,-0.100000001490116,True,False,False,False,False
21.88,345.517364501953,11.5341119766235,13.8401508331299,14.5548849105835,12.1297626495361,41.2193031311035,14.2815532684326,,False,0,1.88072483430377,False,-0.150000005960464,True,False,False,False,False
21.9,345.660522460938,11.3699035644531,14.0706481933594,14.9077110290527,12.0463037490845,14.0628356933594,14.2173290252686,,False,0,1.88788517327437,False,-0.400000005960464,True,False,False,False,False
21.92,346.555145263672,11.2465982437134,14.1100568771362,15.0655336380005,12.0081796646118,13.8887424468994,14.2013673782349,,False,0,1.89352419387635,False,-0.174999997019768,True,False,False,False,False
21.94,346.840484619141,11.1016874313354,14.4079360961914,15.5083227157593,11.9495697021484,13.706166267395,14.1547899246216,,False,0,1.89855164003076,False,-0.425000011920929,True,False,False,False,False
21.96,347.85546875,10.9954481124878,14.3569326400757,15.5827322006226,11.9342479705811,13.7871990203857,14.1553564071655,,False,0,1.90201860270005,False,-0.0750000029802322,True,False,False,False,False
21.98,347.929656982422,10.8934888839722,14.2527055740356,15.6009016036987,11.9239349365234,13.8825206756592,14.1610021591187,,False,0,1.90524839015988,False,-0.025000000372529,True,False,False,False,False
22,347.873474121094,10.7916021347046,14.148138999939,15.6195039749146,11.9139041900635,13.9786348342896,14.1664915084839,,False,0,1.90841698073899,False,-0.025000000372529,True,False,False,False,False
22.02,347.820770263672,10.6897869110107,14.0432291030884,15.6385374069214,11.9041509628296,14.0755491256714,14.1718292236328,,False,0,1.91152184550072,False,-0.025000000372529,True,False,False,False,False
22.04,347.771575927734,10.588041305542,13.9379711151123,15.6579971313477,11.8946723937988,14.1732988357544,14.1770181655884,,False,0,1.91456410623171,False,-0.025000000372529,True,False,False,False,False
22.06,347.725860595703,10.4831523895264,13.884916305542,15.7378234863281,11.8821125030518,14.2715396881104,14.1774616241455,,False,0,1.91754138722784,False,-0.0750000029802322,True,False,False,False,False
22.08,347.824432373047,10.3760824203491,13.8855123519897,15.5574293136597,11.8679399490356,14.3857440948486,14.1739416122437,,False,0,1.92026556758292,False,-0.125,True,False,False,False,False
22.1,348.072509765625,10.2693147659302,13.9154348373413,15.1860599517822,11.8552646636963,14.5330085754395,14.1695032119751,,False,0,1.92254938747223,False,-0.150000005960464,True,False,False,False,False
22.12,348.404602050781,10.1683673858643,13.8075618743896,15.002495765686,11.8499326705933,14.6444330215454,14.1724166870117,,False,0,1.92430825414813,False,-0.025000000372529,True,False,False,False,False
22.14,348.407470703125,10.0674810409546,13.6993112564087,14.8198595046997,11.8448734283447,14.7570381164551,14.1751852035522,,False,0,1.92598560747971,False,-0.025000000372529,True,False,False,False,False
22.16,348.413604736328,9.96748161315918,13.5632371902466,14.6726551055908,11.8409452438354,14.8570251464844,14.1791133880615,,False,0,1.92758372941037,False,0,True,False,False,False,False
22.18,348.353576660156,9.86515235900879,13.5091781616211,14.4236307144165,11.834623336792,15.0025854110718,14.1793031692505,,False,0,1.92918939397568,False,-0.0750000029802322,True,False,False,False,False
22.2,348.501708984375,9.76273632049561,13.4829559326172,14.1461610794067,11.8289499282837,15.1832618713379,14.1785364151001,,False,0,1.93053753741451,False,-0.100000001490116,True,False,False,False,False
22.22,348.727722167969,9.66108798980713,13.4573011398315,13.8747663497925,11.8250503540039,15.3935031890869,14.1779766082764,,False,0,1.93153869912918,False,-0.100000001490116,True,False,False,False,False
22.24,348.965179443359,9.56001567840576,13.4904632568359,13.5494823455811,11.8229713439941,15.7530584335327,14.1770849227905,,False,0,1.93220048474006,False,-0.150000005960464,True,False,False,False,False
22.26,349.350067138672,9.46021270751953,13.4668951034546,13.2917814254761,11.8235082626343,16.2224807739258,14.177041053772,,False,0,1.93236097958894,False,-0.100000001490116,True,False,False,False,False
22.28,349.615356445313,9.3608283996582,13.4137992858887,13.0671682357788,11.8253173828125,42.5754852294922,14.1769027709961,,False,0,1.93219332168349,False,-0.0750000029802322,True,False,False,False,False
22.3,349.824188232422,9.27184772491455,13.8056907653809,12.4853677749634,11.8427696228027,42.7254638671875,14.1899909973145,,False,0,1.93178807508978,False,-0.425000011920929,True,False,False,False,False
22.32,350.972686767578,9.20102977752686,14.3636503219604,11.8932294845581,11.8877859115601,42.9601936340332,14.2270374298096,,False,0,1.93010730825361,False,-0.5,True,False,False,False,False
22.34,352.342956542969,9.14766597747803,15.0133371353149,11.3648204803467,11.9602947235107,43.2786140441895,14.2872257232666,,False,0,1.92711846879159,False,-0.5,True,False,False,False,False
22.36,353.744689941406,9.04766654968262,14.8492164611816,11.2405843734741,11.9741268157959,43.3786125183105,14.2733926773071,,False,0,1.92306254507869,False,0,True,False,False,False,False
22.38,353.930023193359,8.94766712188721,14.6850957870483,11.1163482666016,11.9879598617554,43.4786109924316,14.2595586776733,,False,0,1.91909337632783,False,0,True,False,False,False,False
22.4,354.115661621094,8.84766674041748,14.5209741592407,10.9921112060547,12.0017929077148,43.5786094665527,14.2457265853882,,False,0,1.91521150192351,False,0,True,False,False,False,False
22.42,354.301605224609,8.74766731262207,14.3568534851074,10.8678750991821,12.0156259536743,43.6786079406738,14.2318935394287,,False,0,1.91141745372086,False,0,True,False,False,False,False
22.44,354.487884521484,8.64766883850098,14.1927328109741,10.7436380386353,12.0294589996338,43.7786102294922,14.2180614471436,,False,0,1.90771175572499,False,0,True,False,False,False,False
22.46,354.674407958984,8.54766941070557,14.0286121368408,10.6194019317627,12.0432910919189,43.8786087036133,14.2042293548584,,False,0,1.9040949237703,False,0,True,False,False,False,False
22.48,354.861267089844,8.44766998291016,13.8644905090332,10.4951658248901,12.0571241378784,43.9786071777344,14.1903953552246,,False,0,1.90056746520039,False,0,True,False,False,False,False
22.5,355.048400878906,8.34767055511475,13.7003698348999,10.3709287643433,12.0709571838379,44.0786056518555,14.1765623092651,,False,0,1.89712987854879,False,0,True,False,False,False,False
22.52,355.23583984375,8.24767112731934,13.5362491607666,10.2466926574707,12.0847902297974,44.1786041259766,14.1627283096313,,False,0,1.89378265322101,False,0,True,False,False,False,False
22.54,355.423553466797,8.14767169952393,13.372127532959,10.1224565505981,12.0986232757568,44.2786064147949,14.1488990783691,,False,0,1.89052626917823,False,0,True,False,False,False,False
22.56,355.611572265625,8.04767227172852,13.2080078125,9.99822044372559,12.1124544143677,44.378604888916,14.135064125061,,False,0,1.88736119662322,False,0,True,False,False,False,False
22.58,355.799835205078,7.94527196884155,13.0063953399658,9.89029884338379,12.1225242614746,44.4653167724609,14.1171398162842,,False,0,1.88428789568876,False,0.025000000372529,True,False,False,False,False
22.6,355.926635742188,7.84527158737183,12.8426952362061,9.76581764221191,12.1361331939697,44.565315246582,14.1035308837891,,False,0,1.88133942459158,False,0,True,False,False,False,False
22.62,356.112426757813,7.74999332427979,12.7523651123047,9.6096019744873,12.157338142395,44.6922340393066,14.098165512085,,False,0,1.87848058512035,False,-0.0500000007450581,True,False,False,False,False
22.64,356.421630859375,7.66750621795654,12.8499956130981,9.37897396087646,12.1999216079712,44.8936576843262,14.1151285171509,,False,0,1.87565364872241,False,-0.174999997019768,True,False,False,False,False
22.66,357.04345703125,7.58099603652954,12.8758106231689,9.18423175811768,12.2377681732178,45.0729866027832,14.1237525939941,,False,0,1.87273826888801,False,-0.125,True,False,False,False,False
22.68,357.562896728516,7.48377513885498,12.7450304031372,9.0490608215332,12.2591361999512,45.1895599365234,14.1120748519897,,False,0,1.86983696395358,False,-0.025000000372529,True,False,False,False,False
22.7,357.853088378906,7.386549949646,12.6135587692261,8.91438674926758,12.2807989120483,45.3064041137695,14.1002340316772,,False,0,1.86705868214116,False,-0.025000000372529,True,False,False,False,False
22.72,358.146606445313,7.28654909133911,12.4427928924561,8.79370212554932,12.2979803085327,45.4064064025879,14.0830526351929,,False,0,1.86440602984004,False,0,True,False,False,False,False
22.74,358.382659912109,7.18654823303223,12.2720212936401,8.67301654815674,12.3151617050171,45.5064086914063,14.0658712387085,,False,0,1.86190093289351,False,0,True,False,False,False,False
22.76,358.619140625,7.08654832839966,12.1012554168701,8.55233097076416,12.3323431015015,45.6064071655273,14.0486898422241,,False,0,1.85954398764217,False,0,True,False,False,False,False
22.78,358.856018066406,6.98654747009277,11.9304904937744,8.4316463470459,12.3495254516602,45.7064094543457,14.0315084457397,,False,0,1.8573357580963,False,0,True,False,False,False,False
22.8,359.093292236328,6.88654613494873,11.7597246170044,8.31096172332764,12.3667068481445,45.8064117431641,14.0143270492554,,False,0,1.85527677527931,False,0,True,False,False,False,False
22.82,359.330963134766,6.78654527664185,11.5889596939087,8.19027709960938,12.3838882446289,45.9064102172852,13.9971466064453,,False,0,1.8533675366044,False,0,True,False,False,False,False
22.84,359.569000244141,6.68654441833496,11.4181938171387,8.0695915222168,12.4010696411133,46.0064125061035,13.9799652099609,,False,0,1.85160850528611,False,0,True,False,False,False,False
22.86,359.807434082031,6.581618309021,11.1784296035767,7.97350454330444,12.4088077545166,46.0723648071289,13.9527158737183,,False,0,1.85000010978846,False,0.0500000007450581,True,False,False,False,False
22.88,359.9248046875,6.47231197357178,10.8757705688477,7.90171957015991,12.4073667526245,46.1068916320801,13.9167165756226,,False,0,1.84854295708961,False,0.100000001490116,True,False,False,False,False
22.9,359.914825439453,6.35952758789063,10.5188837051392,7.85483026504517,12.3977727890015,46.1153793334961,13.8740940093994,,False,0,1.84722751422085,False,0.150000005960464,True,False,False,False,False
22.92,359.771209716797,6.25365829467773,10.2636280059814,7.76937055587769,12.4003782272339,46.1726188659668,13.8471422195435,,False,0,1.84604489041037,False,0.0750000029802322,True,False,False,False,False
22.94,359.791290283203,6.14464569091797,9.95644950866699,7.70911550521851,12.3955850601196,46.2057647705078,13.8139533996582,,False,0,1.84497370030077,False,0.125,True,False,False,False,False
22.96,359.680725097656,6.04464483261108,9.79441452026367,7.58365392684937,12.4083051681519,46.3057632446289,13.8012323379517,,False,0,1.84400690948903,False,0,True,False,False,False,False
22.98,359.8583984375,5.9446439743042,9.6323766708374,7.45819234848022,12.4210224151611,46.4057655334473,13.7885112762451,,False,0,1.84312350589024,False,0,True,False,False,False,False
23,0.0362297669053078,5.84464359283447,9.47034072875977,7.33273029327393,12.4337434768677,46.5057678222656,13.7757911682129,,False,0,1.84232360945829,False,0,True,False,False,False,False
23.02,0.214211940765381,5.74464273452759,9.30830478668213,7.20727014541626,12.4464635848999,46.6057662963867,13.7630701065063,,False,0,1.84160732900632,False,0,True,False,False,False,False
23.04,0.392339944839478,5.6446418762207,9.14626884460449,7.08180952072144,12.4591846466064,46.7057685852051,13.7503490447998,,False,0,1.84097476213351,False,0,True,False,False,False,False
23.06,0.570610284805298,5.54464149475098,8.98423290252686,6.95634794235229,12.471905708313,46.8057670593262,13.7376289367676,,False,0,1.84042599515856,False,0,True,False,False,False,False
23.08,0.749019980430603,5.44464063644409,8.82219791412354,6.830885887146,12.4846258163452,46.9057693481445,13.724907875061,,False,0,1.83996110306132,False,0,True,False,False,False,False
23.1,0.927566051483154,5.34463977813721,8.6601619720459,6.70542430877686,12.4973468780518,47.0057678222656,13.7121877670288,,False,0,1.83958014943138,False,0,True,False,False,False,False
23.12,1.10624420642853,5.24463939666748,8.49812602996826,6.57996273040771,12.510066986084,47.105770111084,13.6994667053223,,False,0,1.83928318642497,False,0,True,False,False,False,False
23.14,1.28505170345306,5.1446385383606,8.33609199523926,6.45450210571289,12.5227880477905,47.2057723999023,13.68674659729,,False,0,1.83907025472914,False,0,True,False,False,False,False
23.16,1.46398484706879,5.04463768005371,8.17405605316162,6.32904052734375,12.5355091094971,47.3057708740234,13.6740264892578,,False,0,1.83894138353392,False,0,True,False,False,False,False
23.18,1.64304053783417,4.94463682174683,8.01201915740967,6.20357751846313,12.5482292175293,47.4057731628418,13.6613054275513,,False,0,1.83889659051238,False,0,True,False,False,False,False
23.2,1.82221567630768,4.84328079223633,7.82790851593018,6.08838605880737,12.5573596954346,47.4927253723145,13.6449642181396,,False,0,1.83893588180847,False,0.025000000372529,True,False,False,False,False
23.22,1.9404890537262,4.74197959899902,7.6448278427124,5.97280263900757,12.5663347244263,47.5798873901367,13.6289091110229,,False,0,1.83904365034739,False,0.025000000372529,True,False,False,False,False
23.24,2.05570006370544,4.63949584960938,7.44205236434937,5.86684989929199,12.5717334747314,47.6548500061035,13.6097326278687,,False,0,1.83921535696814,False,0.0500000007450581,True,False,False,False,False
23.26,2.10672092437744,4.53831815719604,7.26154136657715,5.75027704238892,12.5802154541016,47.7426528930664,13.594554901123,,False,0,1.83942852357862,False,0.025000000372529,True,False,False,False,False
23.28,2.21248602867126,4.43831968307495,7.10153818130493,5.62357378005981,12.5918283462524,47.8426513671875,13.5829372406006,,False,0,1.83969842173375,False,0,True,False,False,False,False
23.3,2.37622308731079,4.33832120895386,6.94153213500977,5.49687051773071,12.6034421920776,47.9426498413086,13.5713243484497,,False,0,1.84003823681463,False,0,True,False,False,False,False
23.32,2.54003691673279,4.23832225799561,6.78152894973755,5.37016725540161,12.6150550842285,48.0426483154297,13.5597114562988,,False,0,1.84044793009348,False,0,True,False,False,False,False
23.34,2.70392346382141,4.13832378387451,6.62152767181396,5.24346351623535,12.6266679763794,48.1426467895508,13.5480976104736,,False,0,1.84092745491671,False,0,True,False,False,False,False
23.36,2.86788177490234,4.03832530975342,6.46152448654175,5.11676025390625,12.6382818222046,48.2426452636719,13.5364847183228,,False,0,1.84147675673142,False,0,True,False,False,False,False
23.38,3.03190803527832,3.93832635879517,6.30152130126953,4.99005699157715,12.6498947143555,48.342643737793,13.5248718261719,,False,0,1.8420957731164,False,0,True,False,False,False,False
23.4,3.19599962234497,3.83832764625549,6.14151811599731,4.86335372924805,12.6615076065063,48.4426422119141,13.5132579803467,,False,0,1.84278443381741,False,0,True,False,False,False,False
23.42,3.36015510559082,3.73832893371582,5.9815149307251,4.73665046691895,12.6731214523315,48.5426406860352,13.5016450881958,,False,0,1.84354266078695,False,0,True,False,False,False,False
23.44,3.52437019348145,3.63739800453186,5.80550003051758,4.61791086196899,12.6814241409302,48.6304512023926,13.4867725372314,,False,0,1.84437036822822,False,0.025000000372529,True,False,False,False,False
23.46,3.62706780433655,3.53394150733948,5.58471488952637,4.52242040634155,12.6801614761353,48.6839790344238,13.463038444519,,False,0,1.84523579299184,False,0.100000001490116,True,False,False,False,False
23.48,3.54169487953186,3.43012809753418,5.35473728179932,4.4337682723999,12.6762371063232,48.7310943603516,13.4385776519775,,False,0,1.84604737161151,False,0.125,True,False,False,False,False
23.5,3.38224029541016,3.32394766807556,5.06612825393677,4.38455772399902,12.6613512039185,48.7427978515625,13.4061632156372,,False,0,1.84677196778617,False,0.25,True,False,False,False,False
23.52,2.900465965271,3.22343492507935,4.90135097503662,4.26068639755249,12.666467666626,48.8352432250977,13.3970079421997,,False,0,1.84727985010625,False,0.025000000372529,True,False,False,False,False
23.54,2.93974542617798,3.12295246124268,4.73739910125732,4.13634490966797,12.6714286804199,48.927906036377,13.3881330490112,,False,0,1.84778601686782,False,0.025000000372529,True,False,False,False,False
23.56,2.97590827941895,3.02295422554016,4.58570528030396,4.02798557281494,12.6782035827637,49.027904510498,13.3813581466675,,False,0,1.84829586586115,False,0,True,False,False,False,False
23.58,3.07024145126343,2.92295598983765,4.43401908874512,3.8714542388916,12.6849784851074,49.1279029846191,13.3745822906494,,False,0,1.84882883383359,False,0,True,False,False,False,False
23.6,3.16457939147949,2.82295799255371,4.28232526779175,3.73900675773621,12.6917533874512,49.2279014587402,13.3678073883057,,False,0,1.84938490079744,False,0,True,False,False,False,False
23.62,3.25886678695679,2.7229597568512,4.13063144683838,3.60655927658081,12.6985292434692,49.3278999328613,13.3610324859619,,False,0,1.84996383513259,False,0,True,False,False,False,False
23.64,3.35315942764282,2.62754964828491,3.9858980178833,3.48018860816956,12.7049903869629,49.4233093261719,13.3545703887939,,False,0,1.85056579908845,False,0,False,False,False,False,False
23.66,3.43889665603638,2.54217600822449,3.85638928413391,3.36711120605469,12.7107715606689,49.5086822509766,13.3487901687622,,False,0,1.85574036180331,False,0,False,False,False,False,False
23.68,3.50517559051514,2.46175003051758,3.73438596725464,3.260586977005,12.7162199020386,49.589111328125,13.3433408737183,,False,0,1.87088241101384,False,0,False,False,False,False,False
23.7,3.5610020160675,2.38627529144287,3.6198935508728,3.16062092781067,12.7213315963745,49.6645851135254,13.3382291793823,,False,0,1.89093857966163,False,0,False,False,False,False,False
23.72,3.6062605381012,2.31584000587463,3.51304578781128,3.0673291683197,12.7261037826538,49.7350196838379,13.3334579467773,,False,0,1.91590830284405,False,0,False,False,False,False,False
23.74,3.64091825485229,2.25050902366638,3.41394090652466,2.98079824447632,12.7305269241333,49.800350189209,13.3290338516235,,False,0,1.9458755124925,False,0,False,False,False,False,False
23.76,3.72357201576233,2.19480514526367,3.3294403553009,2.9070188999176,12.7343006134033,49.8560562133789,13.3252601623535,,False,0,1.92140727087485,False,0,False,False,False,False,False
23.78,3.82374691963196,2.144859790802,3.25367474555969,2.84086585044861,12.7376842498779,49.9060020446777,13.3218765258789,,False,0,1.87429951036912,False,0,False,False,False,False,False
23.8,3.92431378364563,2.099360704422,3.18465447425842,2.78060269355774,12.7407665252686,49.9514999389648,13.3187952041626,,False,0,1.82647698998237,False,0,False,False,False,False,False
23.82,4.02186727523804,2.05881285667419,3.12314486503601,2.72689700126648,12.7435111999512,49.9920463562012,13.3160495758057,,False,0,1.78178845547706,False,0,False,False,False,False,False
23.84,4.11303186416626,2.02332758903503,3.06931495666504,2.67989683151245,12.7459163665771,50.027530670166,13.3136444091797,,False,0,1.74176190106424,False,0,False,False,False,False,False
23.86,4.1960825920105,1.99792850017548,3.03078556060791,2.64625573158264,12.7476367950439,50.0529327392578,13.3119239807129,,False,0,1.70670624541073,False,0,False,False,False,False,False
23.88,4.25676393508911,1.97735846042633,2.9995813369751,2.61901044845581,12.7490291595459,50.0735015869141,13.3105325698853,,False,0,1.681608661803,False,0,False,False,False,False,False
23.9,4.30661725997925,1.96164405345917,2.97574329376221,2.5981969833374,12.7500915527344,50.0892143249512,13.3094692230225,,False,0,1.66128532992713,False,0,False,False,False,False,False
23.92,4.34481048583984,1.95097291469574,2.95955538749695,2.58406281471252,12.7508144378662,50.0998878479004,13.3087472915649,,False,0,1.64575911422983,False,0,False,False,False,False,False
23.94,4.37011766433716,1.94525301456451,2.95087862014771,2.57648706436157,12.7512006759644,50.1056060791016,13.3083610534668,,False,0,1.63521137061374,False,0,False,False,False,False,False
23.96,4.38225603103638,1.94525301456451,2.95087862014771,2.57648706436157,12.7512006759644,50.1056060791016,13.3083610534668,,False,0,1.62954907449778,False,0,False,False,False,False,False
23.98,4.37892389297485,1.94525301456451,2.95087862014771,2.57648706436157,12.7512006759644,50.1056060791016,13.3083610534668,,False,0,1.62952947988594,False,0,False,False,False,False,False
24,4.37559270858765,1.94525301456451,2.95087862014771,2.57648706436157,12.7512006759644,50.1056060791016,13.3083610534668,,False,0,1.6295099101215,False,0,False,False,False,False,False
24.02,4.37232398986816,1.94525301456451,2.95087862014771,2.57648706436157,12.7512006759644,50.1056060791016,13.3083610534668,,False,0,1.62949073375295,False,0,False,False,False,False,False
24.04,4.36905527114868,1.94525301456451,2.95087862014771,2.57648706436157,12.7512006759644,50.1056060791016,13.3083610534668,,False,0,1.62947158130352,False,0,False,False,False,False,False
24.06,4.36578035354614,1.94525301456451,2.95087862014771,2.57648706436157,12.7512006759644,50.1056060791016,13.3083610534668,,False,0,1.62945624971812,False,0,False,False,False,False,False
24.08,4.36251163482666,1.94525301456451,2.95087862014771,2.57648706436157,12.7512006759644,50.1056060791016,13.3083610534668,,False,0,1.62943714515954,False,0,False,False,False,False,False
24.1,4.35924386978149,1.94525301456451,2.95087862014771,2.57648706436157,12.7512006759644,50.1056060791016,13.3083610534668,,False,0,1.62941806452676,False,0,False,False,False,False,False
24.12,4.35603809356689,1.94525301456451,2.95087862014771,2.57648706436157,12.7512006759644,50.1056060791016,13.3083610534668,,False,0,1.62939937406825,False,0,False,False,False,False,False
24.14,4.35283184051514,1.94525301456451,2.95087862014771,2.57648706436157,12.7512006759644,50.1056060791016,13.3083610534668,,False,0,1.62938070662908,False,0,False,False,False,False,False
24.16,4.3496265411377,1.94525301456451,2.95087862014771,2.57648706436157,12.7512006759644,50.1056060791016,13.3083610534668,,False,0,1.62936206220274,False,0,False,False,False,False,False
24.18,4.34642219543457,1.94525301456451,2.95087862014771,2.57648706436157,12.7512006759644,50.1056060791016,13.3083610534668,,False,0,1.62934344079544,False,0,False,False,False,False,False
24.2,4.34321594238281,1.94525301456451,2.95087862014771,2.57648706436157,12.7512006759644,50.1056060791016,13.3083610534668,,False,0,1.6293248424022,False,0,False,False,False,False,False
24.22,4.34007263183594,1.94525301456451,2.95087862014771,2.57648706436157,12.7512006759644,50.1056060791016,13.3083610534668,,False,0,1.62930663103276,False,0,False,False,False,False,False
24.24,4.33693027496338,1.94525301456451,2.95087862014771,2.57648706436157,12.7512006759644,50.1056060791016,13.3083610534668,,False,0,1.62928844178359,False,0,False,False,False,False,False
24.26,4.33378839492798,1.94525301456451,2.95087862014771,2.57648706436157,12.7512006759644,50.1056060791016,13.3083610534668,,False,0,1.62927027466285,False,0,False,False,False,False,False
24.28,4.3306450843811,1.94525301456451,2.95087862014771,2.57648706436157,12.7512006759644,50.1056060791016,13.3083610534668,,False,0,1.62925212966882,False,0,False,False,False,False,False
24.3,4.32750225067139,1.94525301456451,2.95087862014771,2.57648706436157,12.7512006759644,50.1056060791016,13.3083610534668,,False,0,1.62923400680359,False,0,False,False,False,False,False
24.32,4.32436037063599,1.94525301456451,2.95087862014771,2.57648706436157,12.7512006759644,50.1056060791016,13.3083610534668,,False,0,1.62921590606662,False,0,False,False,False,False,False
