timestamp,rotation,northRay,northwestRay,northeastRay,eastRay,southRay,westRay,fitness,doorClosed,checkpointMet,distanceFromPlayer,seesKey,mouseRotation,forwardButtonPressed,backButtonPressed,leftButtonPressed,rightButtonPressed,keyButtonPressed
3.26,,,,,,,,,,,,False,,,,,,
3.28,159.633850097656,24.0456809997559,10.7975912094116,25.9719543457031,18.3649444580078,27.8861770629883,7.63504266738892,,False,0,8.32899795791416,False,0,False,False,False,False,False
3.3,159.343200683594,24.0457420349121,10.7742290496826,26.0286827087402,18.3649044036865,27.8862419128418,7.63514423370361,,False,0,8.25141111992989,False,-0.025000000372529,False,False,False,False,False
3.32,159.130737304688,24.0456809997559,10.7975912094116,25.9719543457031,18.3649444580078,27.8861808776855,7.63504266738892,,False,0,8.17418891759106,False,0.025000000372529,False,False,False,False,False
3.34,158.742263793945,24.0457344055176,10.8211011886597,25.915599822998,18.3650760650635,27.8862495422363,7.63497257232666,,False,0,8.09729642775723,False,0.025000000372529,False,False,False,False,False
3.36,158.346237182617,24.0459022521973,10.8447704315186,25.8596096038818,18.3652896881104,27.8864517211914,7.63494348526001,,False,0,8.02067508746095,False,0.025000000372529,False,False,False,False,False
3.38,157.94352722168,24.0465774536133,10.8925743103027,25.748722076416,18.3659858703613,27.8872585296631,7.6349892616272,,False,0,7.9442369587422,False,0.0500000007450581,False,False,False,False,False
3.4,157.446578979492,24.0465774536133,10.8925743103027,25.748722076416,18.3659858703613,27.8872585296631,7.6349892616272,,False,0,7.86786173036869,False,0,False,False,False,False,False
3.42,157.124404907227,24.0470886230469,10.9167165756226,25.6938171386719,18.3664627075195,27.8878612518311,7.63506937026978,,False,0,7.79138276407852,False,0.025000000372529,False,False,False,False,False
3.44,156.713577270508,24.0470886230469,10.9167165756226,25.6938171386719,18.3664627075195,27.8878612518311,7.63506937026978,,False,0,7.71458545037593,False,0,False,False,False,False,False
3.46,156.400009155273,24.0470886230469,10.9167165756226,25.6938171386719,18.3664627075195,27.8878631591797,7.63506937026978,,False,0,7.63720148590198,False,0,False,False,False,False,False
3.48,156.101135253906,24.0470886230469,10.9167165756226,25.6938133239746,18.3664627075195,27.8878612518311,7.63506937026978,,False,0,7.55894291972025,False,0,False,False,False,False,False
3.5,155.827758789063,24.0470886230469,10.9167165756226,25.6938171386719,18.3664627075195,27.8878631591797,7.63506937026978,,False,0,7.47957799216452,False,0,False,False,False,False,False
3.52,155.59538269043,24.0470886230469,10.9167165756226,25.6938171386719,18.3664627075195,27.8878593444824,7.63506937026978,,False,0,7.39914799346071,False,0,False,False,False,False,False
3.54,155.425689697266,24.0470886230469,10.9167165756226,25.6938133239746,18.3664627075195,27.8878612518311,7.63506937026978,,False,0,7.31845073554182,False,0,False,False,False,False,False
3.56,155.346832275391,24.0470886230469,10.9167165756226,25.6938171386719,18.3664627075195,27.8878612518311,7.63506937026978,,False,0,7.24010982555051,False,0,False,False,False,False,False
3.58,155.387756347656,24.0470886230469,10.9167165756226,25.6938171386719,18.3664627075195,27.8878612518311,7.63506937026978,,False,0,7.17086527643161,False,0,False,False,False,False,False
3.6,155.5439453125,24.0470886230469,10.9167165756226,25.6938171386719,18.3664627075195,27.8878593444824,7.63506937026978,,False,0,7.12568156960193,False,0,False,False,False,False,False
3.62,155.632751464844,24.0470886230469,10.9167165756226,25.6938133239746,18.3664627075195,27.8878612518311,7.63506937026978,,False,0,7.12096739427753,False,0,False,False,False,False,False
3.64,155.814392089844,24.0484523773193,10.9654769897461,25.585075378418,18.3676834106445,27.8894634246826,7.63533353805542,,False,0,7.12997041954816,False,0.0500000007450581,False,False,False,False,False
3.66,156.015243530273,24.053861618042,11.0902442932129,25.3193054199219,18.3722686767578,27.8957996368408,7.63662910461426,,False,0,7.16694826911584,False,0.125,False,False,False,False,False
3.68,155.956405639648,24.0602493286133,11.1931095123291,25.1127662658691,18.3775081634521,27.9032649993896,7.63832569122314,,False,0,7.21899385771509,False,0.100000001490116,False,False,False,False,False
3.7,155.986968994141,24.1197681427002,11.7514762878418,24.1555519104004,18.4248199462891,27.9726848602295,7.65556287765503,,False,0,7.28025688866857,False,0.5,False,False,False,False,False
3.72,154.488021850586,24.245698928833,12.4981737136841,23.1937313079834,18.5026302337646,28.1193733215332,7.69365787506104,,False,0,7.34728686094981,False,0.574999988079071,False,False,False,False,False
3.74,152.601501464844,25.0761871337891,15.9778299331665,20.9099674224854,19.1439762115479,26.9152679443359,7.95139312744141,,False,0,7.41800724491376,False,1.82500004768372,False,False,False,False,False
3.76,144.660202026367,27.2907123565674,25.1053199768066,19.1978721618652,20.8458652496338,16.1351146697998,8.64654731750488,,False,0,7.49116397223312,False,2.35000014305115,False,False,False,False,False
3.78,130.903686523438,26.0105075836182,24.0328750610352,18.392204284668,25.9816627502441,10.7878942489624,10.7590389251709,,False,0,7.56599206408184,False,3.35000014305115,False,False,False,False,False
3.8,101.797882080078,18.7307949066162,29.0493679046631,22.2379627227783,28.4186878204346,7.73363256454468,24.4408378601074,,False,0,7.64203126544895,False,6.84999990463257,False,False,False,False,False
3.82,40.587833404541,18.5506572723389,30.058521270752,23.2479839324951,28.1473846435547,7.65887641906738,24.2030258178711,,False,0,7.71899540517014,False,0.699999988079071,False,False,False,False,False
3.84,37.1456069946289,18.408670425415,25.3694744110107,26.7042083740234,27.9379177093506,7.60022830963135,24.0117473602295,,False,0,7.79670815718909,False,1.75,False,False,False,False,False
3.86,29.1114654541016,18.4590625762939,24.2004470825195,28.3036651611328,28.0167694091797,7.62131977081299,24.07568359375,,False,0,7.87506089735854,False,0.600000023841858,False,False,False,False,False
3.88,26.9683971405029,18.4871273040771,23.6372604370117,29.2876396179199,28.0918712615967,7.64160060882568,24.1381511688232,,False,0,7.9539823243512,False,0.325000017881393,False,False,False,False,False
3.9,26.0152263641357,18.5563907623291,23.0795631408691,30.4551830291748,28.1986255645752,7.67051839828491,24.2276554107666,,False,0,8.03341867660705,False,0.349999994039536,False,False,False,False,False
3.92,24.9858894348145,18.5794582366943,22.9288902282715,30.8114490509033,28.2341232299805,7.68014669418335,24.2575206756592,,False,0,8.11333994015443,False,0.100000001490116,False,False,False,False,False
3.94,24.9230442047119,18.6103687286377,22.7457084655762,31.272066116333,28.2816467285156,7.69304370880127,24.2975616455078,,False,0,8.19371969412419,False,0.125,False,False,False,False,False
3.96,24.7588844299316,18.7574195861816,22.0669040679932,33.302490234375,28.5074234008789,7.75438642501831,24.4883556365967,,False,0,8.27453742358425,False,0.5,False,False,False,False,False
3.98,23.199728012085,18.9328670501709,21.4952716827393,32.6347236633301,28.7763595581055,7.82754373550415,24.7163639068604,,False,0,8.35577759207412,False,0.474999994039536,False,False,False,False,False
4,21.7912120819092,19.438304901123,20.4715366363525,31.086109161377,23.4073848724365,8.03823184967041,25.3742694854736,,False,0,8.43742061934209,False,1.02499997615814,False,False,False,False,False
4.02,18.6409244537354,20.0976619720459,19.723840713501,29.9562320709229,18.8319053649902,8.31300067901611,26.2335777282715,,False,0,8.51946023298512,False,0.975000023841858,False,False,False,False,False
4.04,15.8919906616211,21.4655647277832,18.9487228393555,28.7873516082764,14.750394821167,8.88294792175293,28.0178985595703,,False,0,8.60187991602131,False,1.45000004768372,False,False,False,False,False
4.06,12.0364303588867,22.9304580688477,18.5858573913574,28.242748260498,12.7470598220825,9.49321174621582,29.9298229217529,,False,0,8.68466884759612,False,1.125,False,False,False,False,False
4.08,9.30300045013428,22.9678649902344,18.5799694061279,28.2339496612549,12.7100467681885,9.50879287719727,29.9786548614502,,False,0,8.76781868366362,False,0.025000000372529,False,False,False,False,False
4.1,9.42086219787598,23.0054950714111,18.5741710662842,28.2252941131592,12.6733140945435,9.52447509765625,30.0277843475342,,False,0,8.85131715760357,False,0.025000000372529,False,False,False,False,False
4.12,9.5355863571167,23.0054950714111,18.5741710662842,28.2252941131592,12.6733140945435,9.52447509765625,30.0277843475342,,False,0,8.93515449542234,False,0,False,False,False,False,False
4.14,9.71088314056396,23.0054950714111,18.5741710662842,28.2252941131592,12.6733140945435,9.52447509765625,30.0277843475342,,False,0,9.01932124759602,False,0,False,False,False,False,False
4.16,9.88352012634277,23.0054950714111,18.5741710662842,28.2252941131592,12.6733140945435,9.52447509765625,30.0277843475342,,False,0,9.10380827760011,False,0,False,False,False,False,False
4.18,10.0535469055176,23.0054950714111,18.5741710662842,28.2252941131592,12.6733140945435,9.52447509765625,30.0277843475342,,False,0,9.18860675080587,False,0,False,False,False,False,False
4.2,10.2210235595703,23.0054950714111,18.5741710662842,28.2252941131592,12.6733140945435,9.52447509765625,30.0277843475342,,False,0,9.27370812373899,False,0,False,False,False,False,False
4.22,10.3860025405884,23.0054950714111,18.5741710662842,28.2252941131592,12.6733140945435,9.52447509765625,30.0277843475342,,False,0,9.35910413369474,False,0,False,False,False,False,False
4.24,10.5485372543335,23.0054950714111,18.5741710662842,28.2252941131592,12.6733140945435,9.52447509765625,30.0277843475342,,False,0,9.44478678870379,False,0,False,False,False,False,False
4.26,10.708683013916,23.0054950714111,18.5741710662842,28.2252941131592,12.6733140945435,9.52447509765625,30.0277843475342,,False,0,9.53074835784145,False,0,False,False,False,False,False
4.28,10.8664789199829,23.0054950714111,18.5741710662842,28.2252941131592,12.6733140945435,9.52447509765625,30.0277843475342,,False,0,9.61698136187305,False,0,False,False,False,False,False
4.3,11.0219879150391,23.0054950714111,18.5741710662842,28.2252941131592,12.6733140945435,9.52447509765625,30.0277843475342,,False,0,9.70347856422747,False,0,False,False,False,False,False
4.32,11.1752471923828,22.9993724822998,18.5692329406738,28.2215728759766,12.6814403533936,9.53059768676758,30.0324001312256,,False,0,9.79023296229065,False,0,True,False,False,False,False
4.34,11.3337678909302,22.9887161254883,18.5606384277344,28.2150955200195,12.6955814361572,9.54125499725342,30.0404300689697,,False,0,9.87162216900312,False,0,True,False,False,False,False
4.36,11.4957981109619,23.0490951538086,18.5368480682373,28.1887130737305,12.6432266235352,9.58849620819092,30.1514625549316,,False,0,9.94913148599179,False,0.0500000007450581,True,False,False,False,False
4.38,11.5292682647705,23.1010456085205,18.5060157775879,28.1571159362793,12.6037969589233,9.64551162719727,30.1393871307373,,False,0,10.0224421020939,False,0.0500000007450581,True,False,False,False,False
4.4,11.4273023605347,23.3880214691162,18.4426097869873,28.078800201416,12.3633127212524,9.80814647674561,29.435546875,,False,0,9.99966109673656,False,0.200000002980232,True,False,False,False,False
4.42,11.0793991088867,23.4759426116943,18.4018726348877,28.0367298126221,12.3060674667358,9.89466857910156,29.152551651001,,False,0,10.0602157303817,False,0.0750000029802322,True,False,False,False,False
4.44,10.9232320785522,23.9057750701904,18.3290138244629,27.9478607177734,12.0013208389282,10.1331253051758,28.2702178955078,,False,0,10.0281387430012,False,0.275000005960464,True,False,False,False,False
4.46,10.2528743743896,24.8961486816406,18.2394008636475,27.836181640625,11.4254150390625,10.6264619827271,26.7277641296387,,False,0,9.99138602113282,False,0.550000011920929,True,False,False,False,False
4.48,9.03712749481201,25.2035808563232,18.1919975280762,27.7871532440186,11.3000364303589,10.8364601135254,26.242712020874,,False,0,10.0324875405535,False,0.174999997019768,True,False,False,False,False
4.5,8.64749145507813,25.7453880310059,18.1457061767578,27.7400684356689,11.088472366333,11.1566686630249,25.5504264831543,,False,0,9.98061592543002,False,0.275000005960464,True,False,False,False,False
4.52,8.14577007293701,25.7373695373535,18.1003513336182,27.6943435668945,11.1285972595215,11.2461748123169,25.4313182830811,,False,0,10.011880612891,False,0.025000000372529,True,False,False,False,False
4.54,8.13827228546143,25.7248554229736,18.0518741607666,27.6452922821045,11.1730937957764,11.3407030105591,25.3083515167236,,False,0,9.94998566381146,False,0.025000000372529,True,False,False,False,False
4.56,8.26501846313477,25.0933265686035,17.9963417053223,27.5904769897461,11.5014514923096,11.1757221221924,25.7882614135742,,False,0,9.97267319888619,False,-0.25,True,False,False,False,False
4.58,9.09284114837646,25.0088081359863,17.9357929229736,27.531494140625,11.5882148742676,11.2602434158325,25.7014961242676,,False,0,9.98672930866772,False,0,True,False,False,False,False
4.6,9.30196857452393,24.9194240570068,17.8717613220215,27.4691181182861,11.6799697875977,11.349627494812,25.6097450256348,,False,0,9.99665462336554,False,0,True,False,False,False,False
4.62,9.51632213592529,24.8249702453613,17.8040981292725,27.4032020568848,11.7769289016724,11.4440813064575,25.5127849578857,,False,0,10.0025321780935,False,0,True,False,False,False,False
4.64,9.61111927032471,24.7249717712402,17.7324638366699,27.3334178924561,11.8795795440674,11.5440788269043,25.410135269165,,False,0,9.9138185742582,False,0,True,False,False,False,False
4.66,9.83937931060791,24.6249752044678,17.6608295440674,27.2636337280273,11.9822311401367,11.6440763473511,25.3074836730957,,False,0,9.91054748856638,False,0,True,False,False,False,False
4.68,10.0688076019287,24.5249767303467,17.5891933441162,27.1938495635986,12.0848817825317,11.7440748214722,25.204833984375,,False,0,9.90788232180715,False,0,True,False,False,False,False
4.7,10.2994003295898,24.4249782562256,17.5175590515137,27.1240653991699,12.1875324249268,11.8440723419189,25.1021823883057,,False,0,9.9058235630489,False,0,True,False,False,False,False
4.72,10.5311651229858,24.3249778747559,17.4459247589111,27.0542812347412,12.2901830673218,11.9440698623657,24.999532699585,,False,0,9.90437159044217,False,0,True,False,False,False,False
4.74,10.7641000747681,24.224983215332,17.3742904663086,26.9844970703125,12.3928318023682,12.0440673828125,24.8968811035156,,False,0,9.90352667087275,False,0,True,False,False,False,False
4.76,10.9982080459595,24.1249866485596,17.3026561737061,26.9147109985352,12.4954795837402,12.1440649032593,24.7942314147949,,False,0,9.9032889597166,False,0,True,False,False,False,False
4.78,11.2334842681885,24.0249881744385,17.2310199737549,26.8449268341064,12.5981302261353,12.2440633773804,24.6915798187256,,False,0,9.90365850069703,False,0,True,False,False,False,False
4.8,11.4699440002441,23.9249897003174,17.1593856811523,26.7751426696777,12.7007808685303,12.3440608978271,24.5889301300049,,False,0,9.90463522584447,False,0,True,False,False,False,False
4.82,11.7075672149658,23.8249931335449,17.0877513885498,26.705358505249,12.8034315109253,12.4440584182739,24.4862785339355,,False,0,9.90621895555901,False,0,True,False,False,False,False
4.84,11.9463729858398,23.7249946594238,17.0161170959473,26.6355743408203,12.9060821533203,12.5440559387207,24.3836288452148,,False,0,9.90840939877542,False,0,True,False,False,False,False
4.86,12.1863536834717,23.6249961853027,16.9444808959961,26.5657901763916,13.008731842041,12.6440534591675,24.2809791564941,,False,0,9.91120615323042,False,0,True,False,False,False,False
4.88,12.4275064468384,23.524995803833,16.8728466033936,26.4960060119629,13.111382484436,12.7440509796143,24.1783275604248,,False,0,9.91460870583155,False,0,True,False,False,False,False
4.9,12.6698360443115,23.4250011444092,16.801212310791,26.4262218475342,13.2140331268311,12.8440494537354,24.0756778717041,,False,0,9.91861643312694,False,0,True,False,False,False,False
4.92,12.9133462905884,23.3250045776367,16.7295780181885,26.3564357757568,13.3166837692261,12.9440469741821,23.9730262756348,,False,0,9.92322860187489,False,0,True,False,False,False,False
4.94,13.1580276489258,23.2250061035156,16.6579437255859,26.2866516113281,13.4193325042725,13.0440444946289,23.8703765869141,,False,0,9.92844436971204,False,0,True,False,False,False,False
4.96,13.4038848876953,23.1250076293945,16.5863075256348,26.2168674468994,13.5219831466675,13.1440420150757,23.7677249908447,,False,0,9.93426278591887,False,0,True,False,False,False,False
4.98,13.6509160995483,23.1736297607422,16.513879776001,26.1451110839844,13.5336141586304,13.3289365768433,23.508020401001,,False,0,9.94068279228068,False,0.0750000029802322,True,False,False,False,False
5,13.6880016326904,23.4827308654785,16.4236469268799,26.0750885009766,13.3990068435669,13.6653861999512,23.0044708251953,,False,0,9.94739540822636,False,0.200000002980232,True,False,False,False,False
5.02,13.3731660842896,23.5946044921875,16.356258392334,26.0066928863525,13.3825769424438,13.8892679214478,22.7140789031982,,False,0,9.95388362871821,False,0.100000001490116,True,False,False,False,False
5.04,13.3329315185547,23.9337577819824,16.2957496643066,25.946683883667,13.257251739502,14.2489986419678,22.2490177154541,,False,0,9.96053565219141,False,0.200000002980232,True,False,False,False,False
5.06,13.012809753418,24.9088001251221,16.2656326293945,25.9294719696045,12.8878965377808,14.9919557571411,21.3951644897461,,False,0,9.96694385893607,False,0.450000017881393,True,False,False,False,False
5.08,12.009991645813,25.4639110565186,16.2322769165039,25.9018592834473,12.7370462417603,15.4879703521729,20.9240856170654,,False,0,9.9721646737155,False,0.25,True,False,False,False,False
5.1,11.5496559143066,26.2847900390625,16.2216835021973,25.9058399200439,12.5308332443237,16.1504592895508,20.3776702880859,,False,0,9.97695723693905,False,0.325000017881393,True,False,False,False,False
5.12,10.8898124694824,26.5614032745361,16.1839046478271,25.8631420135498,12.502760887146,16.482816696167,20.1320514678955,,False,0,9.98106930179978,False,0.125,True,False,False,False,False
5.14,10.7535362243652,27.0915088653564,16.1652984619141,25.8483219146729,12.4152889251709,16.9753952026367,19.7988452911377,,False,0,9.98517452485053,False,0.200000002980232,True,False,False,False,False
5.16,10.4185028076172,27.4035797119141,16.1346015930176,25.8116683959961,12.3897228240967,17.334602355957,19.571849822998,,False,0,9.98902183495103,False,0.125,True,False,False,False,False
5.18,10.2754745483398,27.3875923156738,16.0817413330078,25.7385025024414,12.4415903091431,17.4879493713379,19.4703960418701,,False,0,9.99284458217644,False,0.025000000372529,True,False,False,False,False
5.2,10.3896818161011,27.8036632537842,16.060697555542,25.7146034240723,12.3976497650146,17.9187297821045,19.2231712341309,,False,0,9.99695541930906,False,0.150000005960464,True,False,False,False,False
5.22,10.1779251098633,27.880485534668,16.0160980224609,25.6515235900879,12.4291114807129,18.1331100463867,19.0970268249512,,False,0,10.000947422735,False,0.0500000007450581,True,False,False,False,False
5.24,10.1561012268066,28.7046051025391,16.0291614532471,25.6779594421387,12.3153600692749,18.8363647460938,18.7545127868652,,False,0,9.9076735272206,False,0.25,True,False,False,False,False
5.26,9.68428707122803,29.3719387054443,16.077112197876,25.7553329467773,12.1588106155396,19.8023128509521,18.3586444854736,,False,0,9.91129034386124,False,0.325000017881393,True,False,False,False,False
5.28,9.01993179321289,29.0033168792725,16.0850257873535,25.7645950317383,12.1072874069214,20.4118728637695,18.1307201385498,,False,0,9.91426888527837,False,0.174999997019768,True,False,False,False,False
5.3,8.73332118988037,28.6471080780029,16.0981330871582,25.7791557312012,12.05797290802,21.0559425354004,17.9125881195068,,False,0,9.91704774994112,False,0.174999997019768,True,False,False,False,False
5.32,8.44391536712646,28.2350025177002,16.1372489929199,25.8317832946777,11.9818048477173,21.9107818603516,17.6618251800537,,False,0,9.91962473091855,False,0.225000008940697,True,False,False,False,False
5.34,8.0268440246582,27.8097648620605,16.1961917877197,25.9118747711182,11.8962650299072,22.9303588867188,17.4054622650146,,False,0,9.92187132518396,False,0.25,True,False,False,False,False
5.36,7.54534530639648,27.4060077667236,16.2657699584961,26.004451751709,11.8160762786865,24.0466175079346,17.1651859283447,,False,0,9.92373607429451,False,0.25,True,False,False,False,False
5.38,7.06152772903442,27.1904010772705,16.2688903808594,25.9878311157227,11.8144788742065,24.5839138031006,17.0443706512451,,False,0,9.92523652499311,False,0.100000001490116,True,False,False,False,False
5.4,6.94223403930664,26.8421936035156,16.3401412963867,26.0767574310303,11.7528514862061,25.7400360107422,16.8422164916992,,False,0,9.92671361845511,False,0.225000008940697,True,False,False,False,False
5.42,6.51532983779907,26.6892490386963,16.3229064941406,26.0221824645996,11.774863243103,26.0895004272461,16.763729095459,,False,0,9.92789563659343,False,0.0500000007450581,True,False,False,False,False
5.44,6.51105070114136,26.3360919952393,16.4198818206787,26.1463947296143,11.7063455581665,27.5261535644531,16.5611915588379,,False,0,9.92915008590714,False,0.25,True,False,False,False,False
5.46,6.01960182189941,26.046630859375,16.4976253509521,26.2356376647949,11.6631174087524,28.8127059936523,16.4007930755615,,False,0,9.93007113035951,False,0.200000002980232,True,False,False,False,False
5.48,5.64582967758179,25.8119964599609,16.5511035919189,26.2828578948975,11.6421613693237,29.8814182281494,16.2764930725098,,False,0,9.93077001547503,False,0.150000005960464,True,False,False,False,False
5.5,5.38914060592651,25.3057746887207,16.8537120819092,24.6091384887695,11.4943599700928,29.5365600585938,15.9843273162842,,False,0,9.93134280537684,False,0.5,True,False,False,False,False
5.52,4.29469299316406,25.0607433319092,16.9675960540771,23.8395233154297,11.4611034393311,29.4668598175049,15.8598871231079,,False,0,9.93125544311245,False,0.200000002980232,True,False,False,False,False
5.54,3.90808534622192,24.8092021942139,17.1108989715576,23.0301456451416,11.4223432540894,29.3882293701172,15.7332143783569,,False,0,9.93100134808165,False,0.225000008940697,True,False,False,False,False
5.56,3.4591236114502,23.9611377716064,18.6131687164307,18.5998611450195,11.0984077453613,28.6000289916992,15.2372989654541,,False,0,9.93056775940371,False,1.55000007152557,True,False,False,False,False
5.58,359.912139892578,23.6694755554199,19.5753021240234,17.121789932251,11.021092414856,28.470832824707,15.0832538604736,,False,0,9.92933942461133,False,0.75,True,False,False,False,False
5.6,358.204681396484,23.47536277771,21.102481842041,15.6320543289185,10.9811849594116,28.457612991333,15.0193586349487,,False,0,9.92836223819133,False,0.949999988079071,True,False,False,False,False
5.62,355.994842529297,23.3793315887451,21.6711330413818,15.2319583892822,10.9821290969849,28.5625476837158,15.0228710174561,,False,0,9.92829230865522,False,0.300000011920929,True,False,False,False,False
5.64,355.282806396484,23.2992897033691,22.2907848358154,14.8581581115723,10.9879875183105,28.6871204376221,15.0393133163452,,False,0,9.92865012919121,False,0.300000011920929,True,False,False,False,False
5.66,354.558410644531,23.199291229248,22.2975769042969,14.8519620895386,10.9834051132202,28.7871208190918,15.0438957214355,,False,0,9.92950458437965,False,0,True,False,False,False,False
5.68,354.545471191406,23.0992908477783,22.3043804168701,14.8457555770874,10.9788150787354,28.8871212005615,15.0484857559204,,False,0,9.93036127883077,False,0,True,False,False,False,False
5.7,354.532501220703,22.99928855896,22.3111705780029,14.8395576477051,10.974232673645,28.9871215820313,15.0530681610107,,False,0,9.93122021196506,False,0,True,False,False,False,False
5.72,354.51953125,22.8992881774902,22.3179740905762,14.8333501815796,10.9696426391602,29.087121963501,15.0576581954956,,False,0,9.93208138320172,False,0,True,False,False,False,False
5.74,354.506591796875,22.7992877960205,22.3247661590576,14.8271541595459,10.9650602340698,29.1871223449707,15.0622406005859,,False,0,9.93294479195862,False,0,True,False,False,False,False
5.76,354.493621826172,22.6992874145508,22.3315696716309,14.8209476470947,10.960470199585,29.2871227264404,15.0668306350708,,False,0,9.93381043765235,False,0,True,False,False,False,False
5.78,354.480682373047,22.5992870330811,22.3383617401123,14.8147506713867,10.9558877944946,29.3871250152588,15.0714130401611,,False,0,9.93467831969815,False,0,True,False,False,False,False
5.8,354.467712402344,22.4992866516113,22.3451595306396,14.8085441589355,10.9512968063354,29.4871253967285,15.076003074646,,False,0,9.93554843750999,False,0,True,False,False,False,False
5.82,354.454742431641,22.3992862701416,22.3519515991211,14.8023481369019,10.9467144012451,29.5871257781982,15.0805854797363,,False,0,9.93642079050052,False,0,True,False,False,False,False
5.84,354.441802978516,22.2992858886719,22.3587551116943,14.7961406707764,10.9421243667603,29.687126159668,15.0851755142212,,False,0,9.93729537808108,False,0,True,False,False,False,False
5.86,354.428833007813,22.1992855072021,22.3655471801758,14.7899446487427,10.9375419616699,29.7871265411377,15.0897579193115,,False,0,9.93817219966173,False,0,True,False,False,False,False
5.88,354.415893554688,22.0992851257324,22.372350692749,14.7837371826172,10.9329519271851,29.8871269226074,15.0943479537964,,False,0,9.93905125465121,False,0,True,False,False,False,False
5.9,354.402923583984,21.9992847442627,22.3791427612305,14.7775411605835,10.9283695220947,29.9871273040771,15.0989303588867,,False,0,9.93993254245699,False,0,True,False,False,False,False
5.92,354.389984130859,21.8992881774902,22.3859462738037,14.7713346481323,10.9237794876099,30.0871238708496,15.1035203933716,,False,0,9.94081606248521,False,0,True,False,False,False,False
5.94,354.377014160156,21.7992877960205,22.3927383422852,14.7651376724243,10.9191970825195,30.1871242523193,15.1081037521362,,False,0,9.94170369569784,False,0,True,False,False,False,False
5.96,354.364074707031,21.6992874145508,22.3995418548584,14.7589311599731,10.9146070480347,30.2871246337891,15.1126937866211,,False,0,9.94259167823599,False,0,True,False,False,False,False
5.98,354.351104736328,21.5992870330811,22.4063320159912,14.7527351379395,10.9100246429443,30.3871250152588,15.1172761917114,,False,0,9.94348189120692,False,0,True,False,False,False,False
6,354.338165283203,21.4992866516113,22.4131355285645,14.746527671814,10.9054346084595,30.4871253967285,15.1218662261963,,False,0,9.94437433401164,False,0,True,False,False,False,False
6.02,354.3251953125,21.3992862701416,22.4199275970459,14.7403316497803,10.9008522033691,30.5871257781982,15.1264486312866,,False,0,9.94526900604985,False,0,True,False,False,False,False
6.04,354.312255859375,21.2992858886719,22.4267311096191,14.7341241836548,10.8962621688843,30.687126159668,15.1310386657715,,False,0,9.94616590671999,False,0,True,False,False,False,False
6.06,354.299285888672,21.1820774078369,21.8626251220703,15.0640211105347,10.8842973709106,30.7621440887451,15.1218786239624,,False,0,9.94706503541921,False,-0.275000005960464,True,False,False,False,False
6.08,354.947235107422,21.0779094696045,21.1967964172363,15.524658203125,10.8817939758301,30.8559341430664,15.1191844940186,,False,0,9.94748658951132,False,-0.349999994039536,True,False,False,False,False
6.1,355.775207519531,20.9795742034912,21.0600128173828,15.6309061050415,10.883918762207,30.9583415985107,15.1191005706787,,False,0,9.94737957124562,False,-0.0750000029802322,True,False,False,False,False
6.12,355.954895019531,20.8855800628662,20.7945613861084,15.8494939804077,10.8893480300903,31.0671768188477,15.1210994720459,,False,0,9.94717133357529,False,-0.150000005960464,True,False,False,False,False
6.14,356.313385009766,20.7932949066162,20.5788879394531,16.0407276153564,10.8968639373779,31.178638458252,15.1231832504272,,False,0,9.94677168357548,False,-0.125,True,False,False,False,False
6.16,356.615417480469,20.7012233734131,20.4089641571045,16.2008495330811,10.9054765701294,31.2905139923096,15.1244859695435,,False,0,9.94622903667058,False,-0.100000001490116,True,False,False,False,False
6.18,356.86083984375,20.613302230835,20.2026176452637,16.4069728851318,10.9173173904419,31.408784866333,15.1278467178345,,False,0,9.94558061238387,False,-0.125,True,False,False,False,False
6.2,357.166900634766,20.5160026550293,20.1555442810059,16.456470489502,10.9247751235962,31.5129051208496,15.1238021850586,,False,0,9.94481113962999,False,-0.025000000372529,True,False,False,False,False
6.22,357.240692138672,20.4216709136963,20.069751739502,16.5478496551514,10.9341802597046,31.621618270874,15.1215991973877,,False,0,9.94402036194357,False,-0.0500000007450581,True,False,False,False,False
6.24,357.373657226563,20.3216724395752,20.0610504150391,16.5577716827393,10.9407358169556,31.7216186523438,15.1150426864624,,False,0,9.94319121058156,False,0,True,False,False,False,False
6.26,357.390472412109,20.2246265411377,20.0139274597168,16.6092548370361,10.9490175247192,31.8262329101563,15.1105499267578,,False,0,9.94236602783309,False,-0.025000000372529,True,False,False,False,False
6.28,357.465911865234,20.1276626586914,19.9667949676514,16.6613998413086,10.9575691223145,31.9310131072998,15.1059131622314,,False,0,9.94152450495655,False,-0.025000000372529,True,False,False,False,False
6.3,357.541900634766,20.0373020172119,19.8445491790771,16.7994842529297,10.9702157974243,32.046329498291,15.1057586669922,,False,0,9.94066330433289,False,-0.0750000029802322,True,False,False,False,False
6.32,357.735534667969,19.9406929016113,19.7973194122314,16.854305267334,10.9798564910889,32.1517562866211,15.1005334854126,,False,0,9.93975038617447,False,-0.025000000372529,True,False,False,False,False
6.34,357.813720703125,19.8513832092285,19.676908493042,16.9976196289063,10.9940233230591,32.2690277099609,15.1003646850586,,False,0,9.93882309500594,False,-0.0750000029802322,True,False,False,False,False
6.36,358.009429931641,19.7513828277588,19.6657943725586,17.0108051300049,11.002552986145,32.3690299987793,15.0918350219727,,False,0,9.93785014314613,False,0,True,False,False,False,False
6.38,358.031433105469,19.6513805389404,19.6546783447266,17.0239944458008,11.0110836029053,32.4690322875977,15.083309173584,,False,0,9.93688402391909,False,0,True,False,False,False,False
6.4,358.053405761719,19.5513801574707,19.6435642242432,17.037181854248,11.0196132659912,32.569034576416,15.0747785568237,,False,0,9.93592473931792,False,0,True,False,False,False,False
6.42,358.075408935547,19.451379776001,19.6324481964111,17.0503692626953,11.0281438827515,32.6690330505371,15.0662488937378,,False,0,9.93497229132239,False,0,True,False,False,False,False
6.44,358.097412109375,19.3513774871826,19.6213321685791,17.0635585784912,11.0366735458374,32.7690353393555,15.0577192306519,,False,0,9.93402668189894,False,0,True,False,False,False,False
6.46,358.119415283203,19.2513751983643,19.6102161407471,17.0767459869385,11.0452032089233,32.8690376281738,15.0491886138916,,False,0,9.93308791300061,False,0,True,False,False,False,False
6.48,358.141418457031,19.1550006866455,19.5630035400391,17.134521484375,11.055947303772,32.9752426147461,15.0433645248413,,False,0,9.93215598656707,False,-0.025000000372529,True,False,False,False,False
6.5,358.221832275391,19.0549983978271,19.5516242980957,17.1480808258057,11.064697265625,33.0752449035645,15.0346145629883,,False,0,9.93121628316378,False,0,True,False,False,False,False
6.52,358.244445800781,18.9663124084473,19.4334182739258,17.297550201416,11.0804243087769,33.1949119567871,15.0343971252441,,False,0,9.93028379252778,False,-0.0750000029802322,True,False,False,False,False
6.54,358.442138671875,18.870246887207,19.3861141204834,17.3582229614258,11.0922679901123,33.3018074035645,15.0279769897461,,False,0,9.9293195654116,False,-0.025000000372529,True,False,False,False,False
6.56,358.524780273438,18.7783527374268,19.3041038513184,17.4663181304932,11.1069307327271,33.4161338806152,15.0245418548584,,False,0,9.92834968256806,False,-0.0500000007450581,True,False,False,False,False
6.58,358.666320800781,18.7241230010986,18.9561157226563,17.96826171875,11.1454563140869,33.5977439880371,15.0497894287109,,False,0,9.92736906061673,False,-0.25,True,False,False,False,False
6.6,359.274993896484,18.6343231201172,18.8761501312256,18.0896816253662,11.1640844345093,33.7160835266113,15.0454530715942,,False,0,9.9263119057153,False,-0.0500000007450581,True,False,False,False,False
6.62,359.423278808594,18.5502281188965,18.7650012969971,18.2657222747803,11.1867551803589,33.8449287414551,15.0451850891113,,False,0,9.92525823554936,False,-0.0750000029802322,True,False,False,False,False
6.64,359.630859375,18.4502277374268,18.7483062744141,18.2875785827637,11.200140953064,33.9449310302734,15.0317993164063,,False,0,9.92420800579907,False,0,True,False,False,False,False
6.66,359.665588378906,18.3502254486084,18.7316112518311,18.3094348907471,11.213526725769,34.0449333190918,15.0184135437012,,False,0,9.92317492554257,False,0,True,False,False,False,False
6.68,359.700317382813,18.25022315979,18.714916229248,18.3312911987305,11.2269124984741,34.1449317932129,15.0050277709961,,False,0,9.9221590001366,False,0,True,False,False,False,False
6.7,359.735046386719,18.1502227783203,18.698221206665,18.3531475067139,11.2402982711792,34.2449340820313,14.991644859314,,False,0,9.92116023485113,False,0,True,False,False,False,False
6.72,359.769805908203,18.050220489502,18.681526184082,18.3750038146973,11.2536840438843,34.3449363708496,14.9782590866089,,False,0,9.92017863486921,False,0,True,False,False,False,False
6.74,359.804534912109,17.9502201080322,18.664831161499,18.3968601226807,11.2670698165894,34.444938659668,14.9648733139038,,False,0,9.91921420528685,False,0,True,False,False,False,False
6.76,359.839294433594,17.8502178192139,18.6481342315674,18.4187164306641,11.2804565429688,34.5449409484863,14.9514865875244,,False,0,9.91826695111287,False,0,True,False,False,False,False
6.78,359.874053955078,17.7502155303955,18.6314392089844,18.4405727386475,11.2938423156738,34.6449394226074,14.9381008148193,,False,0,9.9173368772688,False,0,True,False,False,False,False
6.8,359.908813476563,17.6502151489258,18.6147441864014,18.4624290466309,11.3072290420532,34.7449417114258,14.9247150421143,,False,0,9.91642398858874,False,0,True,False,False,False,False
6.82,359.943603515625,17.5502128601074,18.5980491638184,18.4842853546143,11.3206148147583,34.8449440002441,14.9113292694092,,False,0,9.91552828981923,False,0,True,False,False,False,False
6.84,359.978363037109,17.4502124786377,18.5813522338867,18.5061435699463,11.3340005874634,34.9449462890625,14.8979434967041,,False,0,9.91464978561911,False,0,True,False,False,False,False
6.86,0.0131589602679014,17.3502101898193,18.5646514892578,18.5279998779297,11.3473863601685,35.0449485778809,14.884557723999,,False,0,9.91378848055946,False,0,True,False,False,False,False
6.88,0.0479492470622063,17.250207901001,18.5479564666748,18.5498561859131,11.3607730865479,35.144947052002,14.8711719512939,,False,0,9.91294437912341,False,0,True,False,False,False,False
6.9,0.082745835185051,17.1502075195313,18.5312614440918,18.5717124938965,11.3741588592529,35.2449493408203,14.8577861785889,,False,0,9.91211748570606,False,0,True,False,False,False,False
6.92,0.117547757923603,17.0502052307129,18.5145664215088,18.5935688018799,11.387544631958,35.3449516296387,14.8444004058838,,False,0,9.91130780461438,False,0,True,False,False,False,False
6.94,0.152356326580048,16.9502048492432,18.4978694915771,18.6154251098633,11.4009304046631,35.444953918457,14.8310136795044,,False,0,9.91051534006706,False,0,True,False,False,False,False
6.96,0.1871707290411,16.8502025604248,18.4811744689941,18.6372814178467,11.4143161773682,35.5449562072754,14.8176279067993,,False,0,9.90974009619444,False,0,True,False,False,False,False
6.98,0.221991062164307,16.7502002716064,18.4644794464111,18.6591377258301,11.4277009963989,35.6449546813965,14.8042421340942,,False,0,9.90898207703837,False,0,True,False,False,False,False
7,0.256816297769547,16.6501998901367,18.4477844238281,18.6809940338135,11.441086769104,35.7449569702148,14.7908563613892,,False,0,9.90824128655212,False,0,True,False,False,False,False
7.02,0.291648417711258,16.5501976013184,18.4310874938965,18.7028503417969,11.4544725418091,35.8449592590332,14.7774705886841,,False,0,9.90751772860029,False,0,True,False,False,False,False
7.04,0.326486259698868,16.4501972198486,18.4143924713135,18.7247066497803,11.4678583145142,35.9449615478516,14.7640857696533,,False,0,9.90681140695868,False,0,True,False,False,False,False
7.06,0.361329913139343,16.3501949310303,18.3976974487305,18.7465629577637,11.4812440872192,36.0449638366699,14.7506999969482,,False,0,9.90612232531422,False,0,True,False,False,False,False
7.08,0.396178752183914,16.2501926422119,18.3810024261475,18.7684192657471,11.4946298599243,36.144962310791,14.7373142242432,,False,0,9.90545048726486,False,0,True,False,False,False,False
7.1,0.43103414773941,16.1501922607422,18.3643074035645,18.7902774810791,11.5080156326294,36.2449645996094,14.7239294052124,,False,0,9.90479589631947,False,0,True,False,False,False,False
7.12,0.465894848108292,16.0501918792725,18.3476104736328,18.8121337890625,11.5214014053345,36.3449668884277,14.710542678833,,False,0,9.90415855589777,False,0,True,False,False,False,False
7.14,0.500761330127716,15.9501895904541,18.3309154510498,18.8339900970459,11.5347871780396,36.4449691772461,14.6971569061279,,False,0,9.90353846933022,False,0,True,False,False,False,False
7.16,0.535633027553558,15.8501882553101,18.3142204284668,18.8558464050293,11.5481729507446,36.5449714660645,14.6837711334229,,False,0,9.90293563985794,False,0,True,False,False,False,False
7.18,0.570511102676392,15.750186920166,18.2975254058838,18.8777027130127,11.5615587234497,36.6449699401855,14.6703853607178,,False,0,9.90235007063264,False,0,True,False,False,False,False
7.2,0.605394721031189,15.650185585022,18.2808303833008,18.8995590209961,11.5749444961548,36.7449722290039,14.6569995880127,,False,0,9.90178176471651,False,0,True,False,False,False,False
7.22,0.640283942222595,15.5501832962036,18.2641334533691,18.9214153289795,11.5883302688599,36.8449745178223,14.6436138153076,,False,0,9.90123072508218,False,0,True,False,False,False,False
7.24,0.675178110599518,15.4501819610596,18.2474384307861,18.9432716369629,11.6017160415649,36.9449768066406,14.6302280426025,,False,0,9.90069695461258,False,0,True,False,False,False,False
7.26,0.710078120231628,15.3501806259155,18.2307434082031,18.9651279449463,11.6151027679443,37.044979095459,14.6168422698975,,False,0,9.90018045610093,False,0,True,False,False,False,False
7.28,0.744984030723572,15.2501792907715,18.2140483856201,18.9869842529297,11.6284885406494,37.1449775695801,14.6034564971924,,False,0,9.89968123225064,False,0,True,False,False,False,False
7.3,0.779895484447479,15.1501779556274,18.1973571777344,18.8959522247314,11.6418743133545,37.2449798583984,14.590069770813,,False,0,9.89919928567522,False,0,True,False,False,False,False
7.32,0.814811587333679,15.0501756668091,18.1806621551514,18.7712268829346,11.6552600860596,37.3449821472168,14.5766839981079,,False,0,9.89873461889824,False,0,True,False,False,False,False
7.34,0.849734127521515,14.950174331665,18.1639671325684,18.6465015411377,11.6686458587646,37.4449844360352,14.5632982254028,,False,0,9.89828723435327,False,0,True,False,False,False,False
7.36,0.884661972522736,14.850172996521,18.1472702026367,18.5217742919922,11.6820316314697,37.5449867248535,14.5499134063721,,False,0,9.89785713438378,False,0,True,False,False,False,False
7.38,0.919594585895538,14.750171661377,18.1305751800537,18.3970489501953,11.6954174041748,37.6449851989746,14.536527633667,,False,0,9.89744432124311,False,0,True,False,False,False,False
7.4,0.954533219337463,14.6501703262329,18.1138801574707,18.2723217010498,11.7088031768799,37.744987487793,14.5231418609619,,False,0,9.89704879709439,False,0,True,False,False,False,False
7.42,0.989476799964905,14.5501680374146,18.0971851348877,18.1475963592529,11.722188949585,37.8449897766113,14.5097560882568,,False,0,9.89667056401052,False,0,True,False,False,False,False
7.44,1.02442586421967,14.4501667022705,18.0804882049561,18.0228691101074,11.73557472229,37.9449920654297,14.4963703155518,,False,0,9.89630962397406,False,0,True,False,False,False,False
7.46,1.05938041210175,14.3459901809692,18.0941562652588,17.9280414581299,11.7454271316528,38.033992767334,14.4789209365845,,False,0,9.89596597887723,False,0.025000000372529,True,False,False,False,False
7.48,1.03607821464539,14.2459907531738,18.0777015686035,17.8030738830566,11.7585935592651,38.1339950561523,14.4657554626465,,False,0,9.89563259537308,False,0,True,False,False,False,False
7.5,1.0704630613327,14.1459913253784,18.0612487792969,17.6781044006348,11.7717599868774,38.2339935302734,14.4525880813599,,False,0,9.89531594601775,False,0,True,False,False,False,False
7.52,1.10485339164734,14.045991897583,18.0447940826416,17.5531368255615,11.7849254608154,38.3339920043945,14.4394216537476,,False,0,9.89501603241776,False,0,True,False,False,False,False
7.54,1.13924849033356,13.9459924697876,18.0283393859863,17.4281692504883,11.7980918884277,38.4339904785156,14.4262561798096,,False,0,9.89473285609492,False,0,True,False,False,False,False
7.56,1.17364835739136,13.8459930419922,18.0118846893311,17.3031997680664,11.81125831604,38.533992767334,14.4130897521973,,False,0,9.89446641848627,False,0,True,False,False,False,False
7.58,1.20805358886719,13.7459936141968,17.9954319000244,17.1782321929932,11.8244247436523,38.6339912414551,14.399923324585,,False,0,9.89421672094406,False,0,True,False,False,False,False
7.6,1.24246263504028,13.6459941864014,17.9789772033691,17.0532627105713,11.837592124939,38.7339897155762,14.3867568969727,,False,0,9.89398376473572,False,0,True,False,False,False,False
7.62,1.27687788009644,13.545994758606,17.9625225067139,16.928295135498,11.8507585525513,38.8339920043945,14.3735904693604,,False,0,9.89376755104381,False,0,True,False,False,False,False
7.64,1.31129682064056,13.4459953308105,17.9460697174072,16.8033275604248,11.8639249801636,38.9339904785156,14.3604230880737,,False,0,9.89356808096599,False,0,True,False,False,False,False
7.66,1.34572160243988,13.3459959030151,17.929615020752,16.6783580780029,11.8770914077759,39.0339889526367,14.3472557067871,,False,0,9.89338535551503,False,0,True,False,False,False,False
7.68,1.38015067577362,13.2459964752197,17.9131603240967,16.5533905029297,11.8902578353882,39.1339874267578,14.3340892791748,,False,0,9.89321937561873,False,0,True,False,False,False,False
7.7,1.41458463668823,13.1313257217407,18.018705368042,16.5396957397461,11.8896903991699,39.1905403137207,14.3055601119995,,False,0,9.89307014211992,False,0.100000001490116,True,False,False,False,False
7.72,1.21577727794647,13.0177965164185,18.12819480896,16.5269527435303,11.8891534805298,39.250057220459,14.2790546417236,,False,0,9.89289319792007,False,0.100000001490116,True,False,False,False,False
7.74,1.01475119590759,12.9114608764648,18.1773242950439,16.4572219848633,11.8944826126099,39.3309135437012,14.2609701156616,,False,0,9.89269297905486,False,0.0500000007450581,True,False,False,False,False
7.76,0.927974283695221,12.8114557266235,18.1633644104004,16.3297519683838,11.9054355621338,39.4309196472168,14.250018119812,,False,0,9.8924879464448,False,0,True,False,False,False,False
7.78,0.956544935703278,12.7114582061768,18.1494045257568,16.2022933959961,11.9163875579834,39.5309181213379,14.2390651702881,,False,0,9.89229446961461,False,0,True,False,False,False,False
7.8,0.985118806362152,12.6114521026611,18.1354446411133,16.0748252868652,11.927339553833,39.6309242248535,14.2281141281128,,False,0,9.89211254924235,False,0,True,False,False,False,False
7.82,1.01369524002075,12.5114545822144,18.1214847564697,15.9473648071289,11.9382915496826,39.7309188842773,14.2171611785889,,False,0,9.89194218596561,False,0,True,False,False,False,False
7.84,1.04227459430695,12.411449432373,18.1075248718262,15.819896697998,11.9492444992065,39.830924987793,14.2062082290649,,False,0,9.89178338038153,False,0,True,False,False,False,False
7.86,1.07085645198822,12.3114519119263,18.0935649871826,15.692437171936,11.9601964950562,39.9309234619141,14.1952571868896,,False,0,9.89163613304676,False,0,True,False,False,False,False
7.88,1.09944128990173,12.2114458084106,18.0796051025391,15.5649681091309,11.9711484909058,40.0309295654297,14.18430519104,,False,0,9.89150044447749,False,0,True,False,False,False,False
7.9,1.12802922725677,12.1114482879639,18.0656452178955,15.4375085830688,11.9820995330811,40.1309280395508,14.1733512878418,,False,0,9.89137631514939,False,0,True,False,False,False,False
7.92,1.15661931037903,12.0085868835449,18.0835590362549,15.3369121551514,11.9900856018066,40.2214317321777,14.1591825485229,,False,0,9.89126374549765,False,0.025000000372529,True,False,False,False,False
7.94,1.12692868709564,11.9004259109497,18.1666069030762,15.2901258468628,11.9922523498535,40.294059753418,14.1392230987549,,False,0,9.8911538528343,False,0.0750000029802322,True,False,False,False,False
7.96,0.980122685432434,11.7928590774536,18.2521667480469,15.2434196472168,11.9942808151245,40.3683624267578,14.1205434799194,,False,0,9.89102773873804,False,0.0750000029802322,True,False,False,False,False
7.98,0.831625759601593,11.6904716491699,18.2056789398193,15.1415281295776,12.0011215209961,40.4601707458496,14.1084060668945,,False,0,9.89089082869201,False,0.025000000372529,True,False,False,False,False
8,0.797884702682495,11.5881586074829,18.0027389526367,15.0393104553223,12.0078029632568,40.5521545410156,14.0965528488159,,False,0,9.89075672514429,False,0.025000000372529,True,False,False,False,False
8.02,0.763562619686127,11.4881572723389,17.8473834991455,14.9095268249512,12.016773223877,40.652156829834,14.0875844955444,,False,0,9.89062102834687,False,0,True,False,False,False,False
8.04,0.786893784999847,11.3881559371948,17.6920261383057,14.7797431945801,12.0257425308228,40.7521591186523,14.0786151885986,,False,0,9.89049304106358,False,0,True,False,False,False,False
8.059999,0.810226321220398,11.2881546020508,17.5366687774658,14.649959564209,12.0347127914429,40.8521614074707,14.0696449279785,,False,0,9.89037276359373,False,0,True,False,False,False,False
8.08,0.833560466766357,11.1881523132324,17.381311416626,14.5201759338379,12.0436820983887,40.9521636962891,14.060676574707,,False,0,9.89026019621859,False,0,True,False,False,False,False
8.099999,0.856905996799469,11.0881509780884,17.2259540557861,14.3903923034668,12.0526494979858,41.0521621704102,14.0517053604126,,False,0,9.8901551218494,False,0,True,False,False,False,False
8.12,0.880253612995148,10.9881496429443,17.0705986022949,14.2606086730957,12.061619758606,41.1521644592285,14.0427360534668,,False,0,9.89005776481067,False,0,True,False,False,False,False
8.139999,0.903602361679077,10.8881483078003,16.9152412414551,14.1308240890503,12.0705900192261,41.2521667480469,14.0337657928467,,False,0,9.8899681253303,False,0,True,False,False,False,False
8.16,0.926942884922028,10.7881469726563,16.7598838806152,14.0010404586792,12.0795593261719,41.3521690368652,14.0247955322266,,False,0,9.88988641087643,False,0,True,False,False,False,False
8.179999,0.950284540653229,10.6881446838379,16.6045265197754,13.8712568283081,12.088529586792,41.4521713256836,14.0158271789551,,False,0,9.889812407654,False,0,True,False,False,False,False
8.2,0.973637938499451,10.5881433486938,16.4491691589355,13.741473197937,12.0974988937378,41.5521697998047,14.006856918335,,False,0,9.88974591530513,False,0,True,False,False,False,False
8.22,0.996992826461792,10.4881420135498,16.2938137054443,13.6116895675659,12.1064691543579,41.652172088623,13.9978866577148,,False,0,9.88968714124524,False,0,True,False,False,False,False
8.24,1.02033877372742,10.3881406784058,16.1384563446045,13.4819059371948,12.115439414978,41.7521743774414,13.9889163970947,,False,0,9.88963627941189,False,0,True,False,False,False,False
8.26,1.04368650913239,10.2881393432617,15.9830989837646,13.3521223068237,12.1244087219238,41.8521766662598,13.9799461364746,,False,0,9.88959312939456,False,0,True,False,False,False,False
8.28,1.06704592704773,10.188136100769,15.8277416229248,13.2223386764526,12.1333789825439,41.9521789550781,13.9709768295288,,False,0,9.88955750422307,False,0,True,False,False,False,False
8.3,1.08267974853516,10.0861701965332,15.6315746307373,13.1164722442627,12.1398677825928,42.0440711975098,13.9594430923462,,False,0,9.82995261416441,False,0.025000000372529,True,False,False,False,False
8.32,1.03603208065033,9.98427104949951,15.4364728927612,13.01025390625,12.1461973190308,42.1361389160156,13.9481935501099,,False,0,9.73809972389658,False,0.025000000372529,True,False,False,False,False
8.34,0.988158047199249,9.88244342803955,15.2424240112305,12.9036874771118,12.1523609161377,42.2283973693848,13.937237739563,,False,0,9.63978891723522,False,0.025000000372529,True,False,False,False,False
8.36,0.939718127250671,9.78244400024414,15.0881881713867,12.7731170654297,12.1606712341309,42.3283958435059,13.9289283752441,,False,0,9.54018277142693,False,0,True,False,False,False,False
8.38,0.949112117290497,9.68244552612305,14.9339532852173,12.6425466537476,12.168981552124,42.428394317627,13.9206171035767,,False,0,9.44032251119697,False,0,True,False,False,False,False
8.4,0.95870053768158,9.58244705200195,14.7797117233276,12.5119724273682,12.1772918701172,42.528392791748,13.9123077392578,,False,0,9.34041393145058,False,0,True,False,False,False,False
8.42,0.968494713306427,9.48244857788086,14.6254768371582,12.381402015686,12.1856021881104,42.6283912658691,13.9039974212646,,False,0,9.24049136468185,False,0,True,False,False,False,False
8.44,0.978502929210663,9.38245010375977,14.4712419509888,12.2508325576782,12.1939125061035,42.7283897399902,13.8956880569458,,False,0,9.14057009400339,False,0,True,False,False,False,False
8.46,0.988744080066681,9.28077220916748,14.2802095413208,12.142692565918,12.1999092102051,42.8207473754883,13.8850212097168,,False,0,9.04064998897285,False,0.025000000372529,True,False,False,False,False
8.48,0.940895199775696,9.17759418487549,14.0543165206909,12.0566673278809,12.2035446166992,42.9060401916504,13.8724308013916,,False,0,8.94072201816286,False,0.0500000007450581,True,False,False,False,False
8.5,0.834308326244354,9.07320308685303,13.7961540222168,11.9928340911865,12.204948425293,42.9854774475098,13.8585367202759,,False,0,8.8407804658418,False,0.0750000029802322,True,False,False,False,False
8.52,0.668322324752808,8.9692497253418,13.5423669815063,11.9287252426147,12.2062196731567,43.0667266845703,13.8458986282349,,False,0,8.7408193610091,False,0.0750000029802322,True,False,False,False,False
8.54,0.500528931617737,8.86464023590088,13.2604465484619,11.8874979019165,12.2057418823242,43.1445617675781,13.8329706192017,,False,0,8.64084599921901,False,0.100000001490116,True,False,False,False,False
8.559999,0.272586524486542,8.762619972229,13.0474510192871,11.7996406555176,12.2081460952759,43.234691619873,13.8246145248413,,False,0,8.54086166099446,False,0.0500000007450581,True,False,False,False,False
8.58,0.158601149916649,8.66261768341064,12.898549079895,11.6649789810181,12.2131690979004,43.3346939086914,13.8195915222168,,False,0,8.44087373042527,False,0,True,False,False,False,False
8.599999,0.159877747297287,8.56262302398682,12.7496576309204,11.530327796936,12.218189239502,43.4346885681152,13.8145694732666,,False,0,8.3408896300901,False,0,True,False,False,False,False
8.62,0.161184921860695,8.46262073516846,12.6007556915283,11.3956661224365,12.2232122421265,43.5346908569336,13.8095464706421,,False,0,8.24090173872921,False,0,True,False,False,False,False
8.639999,0.162524119019508,8.36262607574463,12.4518642425537,11.2610139846802,12.228235244751,43.6346855163574,13.8045234680176,,False,0,8.14091386805431,False,0,True,False,False,False,False
8.66,0.163909286260605,8.26262378692627,12.3029613494873,11.1263523101807,12.2332572937012,43.7346878051758,13.7995014190674,,False,0,8.04092585115129,False,0,True,False,False,False,False
8.679999,0.165329277515411,8.16262912750244,12.154070854187,10.9917001724243,12.2382802963257,43.8346824645996,13.7944784164429,,False,0,7.94093785692553,False,0,True,False,False,False,False
8.7,0.166785359382629,8.06262683868408,12.0051679611206,10.8570384979248,12.2433032989502,43.934684753418,13.7894554138184,,False,0,7.84094988624243,False,0,True,False,False,False,False
8.72,0.168279081583023,7.9626317024231,11.8562774658203,10.7223873138428,12.2483243942261,44.0346794128418,13.7844333648682,,False,0,7.74096194001562,False,0,True,False,False,False,False
8.74,0.169812008738518,7.86262941360474,11.7073755264282,10.5877256393433,12.2533473968506,44.1346817016602,13.7794103622437,,False,0,7.64097401920346,False,0,True,False,False,False,False
8.76,0.171398848295212,7.76263475418091,11.5584840774536,10.4530744552612,12.2583703994751,44.234676361084,13.7743873596191,,False,0,7.54098595821501,False,0,True,False,False,False,False
8.78,0.173028528690338,7.66263246536255,11.4095821380615,10.3184118270874,12.263391494751,44.3346786499023,13.7693653106689,,False,0,7.44099792518605,False,0,True,False,False,False,False
8.8,0.174702495336533,7.56263780593872,11.2606906890869,10.1837606430054,12.2684144973755,44.4346733093262,13.7643423080444,,False,0,7.34100992126064,False,0,True,False,False,False,False
8.82,0.176422581076622,7.46263551712036,11.1117887496948,10.0490989685059,12.2734365463257,44.5346755981445,13.7593212127686,,False,0,7.24102194764388,False,0,True,False,False,False,False
8.84,0.178190886974335,7.36264133453369,10.9628973007202,9.91444683074951,12.2784595489502,44.6346702575684,13.754298210144,,False,0,7.14103400560922,False,0,True,False,False,False,False
8.86,0.180009484291077,7.26263904571533,10.8139953613281,9.77978515625,12.2834825515747,44.7346725463867,13.7492771148682,,False,0,7.04104609650182,False,0,True,False,False,False,False
8.88,0.181894868612289,7.1626443862915,10.6651039123535,9.64513397216797,12.2885046005249,44.8346672058105,13.744255065918,,False,0,6.94105805665521,False,0,True,False,False,False,False
8.9,0.183835417032242,7.06264209747314,10.5162010192871,9.51047134399414,12.2935276031494,44.9346694946289,13.7392320632935,,False,0,6.84107005322263,False,0,True,False,False,False,False
8.92,0.18583357334137,6.96264743804932,10.3673095703125,9.37582015991211,12.2985506057739,45.0346641540527,13.7342100143433,,False,0,6.74108208782366,False,0,True,False,False,False,False
8.94,0.187891855835915,6.86264514923096,10.2184066772461,9.24114990234375,12.3035726547241,45.1346664428711,13.7291870117188,,False,0,6.64109416217842,False,0,True,False,False,False,False
8.96,0.19001305103302,6.76265048980713,10.0695161819458,9.1064977645874,12.3085956573486,45.2346611022949,13.7241640090942,,False,0,6.54110627810764,False,0,True,False,False,False,False
8.98,0.192200213670731,6.66264820098877,9.92061328887939,8.97183799743652,12.3136177062988,45.3346633911133,13.719141960144,,False,0,6.44111843754862,False,0,True,False,False,False,False
9,0.194472074508667,6.56265354156494,9.7717227935791,8.83718585968018,12.318639755249,45.4346580505371,13.7141199111938,,False,0,6.34113047928608,False,0,True,False,False,False,False
9.02,0.196816802024841,6.46265125274658,9.6228199005127,8.70252418518066,12.3236627578735,45.5346603393555,13.7090969085693,,False,0,6.24114256945653,False,0,True,False,False,False,False
9.04,0.199237987399101,6.36265659332275,9.47392845153809,8.56787204742432,12.3286848068237,45.6346549987793,13.7040748596191,,False,0,6.14115471042784,False,0,True,False,False,False,False
9.059999,0.201739206910133,6.26265430450439,9.325026512146,8.43320941925049,12.3337078094482,45.7346572875977,13.6990518569946,,False,0,6.04116690472108,False,0,True,False,False,False,False
9.08,0.204324632883072,6.16265964508057,9.17613506317139,8.29855728149414,12.3387308120728,45.8346519470215,13.6940298080444,,False,0,5.94117915502933,False,0,True,False,False,False,False
9.099999,0.207015633583069,6.06265735626221,9.0272331237793,8.16389560699463,12.3437528610229,45.9346542358398,13.6890068054199,,False,0,5.84119130276447,False,0,True,False,False,False,False
9.12,0.209800645709038,5.96266269683838,8.87834167480469,8.0292444229126,12.3487758636475,46.0346488952637,13.6839838027954,,False,0,5.74120351326981,False,0,True,False,False,False,False
9.139999,0.212684333324432,5.86266040802002,8.7294397354126,7.89458227157593,12.3537950515747,46.134651184082,13.6789617538452,,False,0,5.6412157898826,False,0,True,False,False,False,False
9.16,0.21567203104496,5.76266574859619,8.58054828643799,7.75993061065674,12.3588171005249,46.2346458435059,13.6739387512207,,False,0,5.54122813618241,False,0,True,False,False,False,False
9.179999,0.218769565224648,5.66266345977783,8.4316463470459,7.62526988983154,12.3638401031494,46.3346481323242,13.6689157485962,,False,0,5.4412405560084,False,0,True,False,False,False,False
9.2,0.221983045339584,5.562668800354,8.28275489807129,7.49061822891235,12.3688621520996,46.434642791748,13.663893699646,,False,0,5.3412530534908,False,0,True,False,False,False,False
9.22,0.225338354706764,5.46266651153564,8.1338529586792,7.35595655441284,12.3738851547241,46.5346450805664,13.6588706970215,,False,0,5.2412654742545,False,0,True,False,False,False,False
9.24,0.22882416844368,5.36267185211182,7.98496150970459,7.22130489349365,12.3789081573486,46.6346397399902,13.6538486480713,,False,0,5.14127798291289,False,0,True,False,False,False,False
9.26,0.23244833946228,5.26267051696777,7.83605909347534,7.08664321899414,12.3839302062988,46.7346420288086,13.6488218307495,,False,0,5.04129058469635,False,0,True,False,False,False,False
9.28,0.236219048500061,5.16267490386963,7.68716955184937,6.95199155807495,12.3889532089233,46.8346366882324,13.643798828125,,False,0,4.94130328525749,False,0,True,False,False,False,False
9.3,0.240145638585091,5.06267261505127,7.53826427459717,6.81732940673828,12.3939762115479,46.9346389770508,13.6387767791748,,False,0,4.8413160907188,False,0,True,False,False,False,False
9.32,0.244237720966339,4.96267795562744,7.38937187194824,6.68267774581909,12.398998260498,47.0346336364746,13.6337537765503,,False,0,4.74132900771325,False,0,True,False,False,False,False
9.34,0.248527988791466,4.86267566680908,7.24046945571899,6.54801607131958,12.4040212631226,47.134635925293,13.6287307739258,,False,0,4.64134188797506,False,0,True,False,False,False,False
9.36,0.253007084131241,4.76268100738525,7.09157848358154,6.41336584091187,12.4090442657471,47.2346305847168,13.6237087249756,,False,0,4.54135489611134,False,0,True,False,False,False,False
9.38,0.257687926292419,4.66267871856689,6.94267606735229,6.2787036895752,12.4140663146973,47.3346328735352,13.6186857223511,,False,0,4.44136804075982,False,0,True,False,False,False,False
9.4,0.262584269046783,4.56268405914307,6.79378509521484,6.14405345916748,12.4190893173218,47.434627532959,13.6136627197266,,False,0,4.34138133135121,False,0,True,False,False,False,False
9.42,0.26771143078804,4.46268177032471,6.6448826789856,6.00939130783081,12.424111366272,47.5346298217773,13.6086406707764,,False,0,4.24139477820829,False,0,True,False,False,False,False
9.44,0.273086428642273,4.36268711090088,6.49599170684814,5.87474012374878,12.4291343688965,47.6346244812012,13.6036176681519,,False,0,4.14140839264858,False,0,True,False,False,False,False
9.46,0.278752058744431,4.26268482208252,6.34709072113037,5.74007797241211,12.434157371521,47.7346267700195,13.5985956192017,,False,0,4.041422036002,False,0,True,False,False,False,False
9.48,0.284705281257629,4.16269016265869,6.19819927215576,5.60542631149292,12.4391794204712,47.8346214294434,13.5935726165771,,False,0,3.94143587478978,False,0,True,False,False,False,False
9.5,0.290968477725983,4.06268787384033,6.04929685592651,5.47076463699341,12.4442024230957,47.9346237182617,13.5885496139526,,False,0,3.8414499242747,False,0,True,False,False,False,False
9.52,0.297566533088684,3.96269369125366,5.90040588378906,5.33611249923706,12.4492254257202,48.0346183776855,13.5835275650024,,False,0,3.74146420134946,False,0,True,False,False,False,False
9.54,0.304526776075363,3.8626914024353,5.75150346755981,5.20145082473755,12.4542474746704,48.1346206665039,13.5785045623779,,False,0,3.64147872475942,False,0,True,False,False,False,False
9.559999,0.311880081892014,3.76269674301147,5.60261201858521,5.06679916381836,12.4592704772949,48.2346153259277,13.5734815597534,,False,0,3.54149351536858,False,0,True,False,False,False,False
9.58,0.319660633802414,3.66269445419312,5.4537091255188,4.93213605880737,12.4642925262451,48.3346176147461,13.5684595108032,,False,0,3.44150859646743,False,0,True,False,False,False,False
9.599999,0.327937066555023,3.56269979476929,5.30481815338135,4.79748439788818,12.4693155288696,48.4346122741699,13.5634365081787,,False,0,3.34152385011556,False,0,True,False,False,False,False
9.62,0.336724281311035,3.46269750595093,5.1559157371521,4.66282224655151,12.4743385314941,48.5346145629883,13.5584144592285,,False,0,3.24153945215438,False,0,True,False,False,False,False
9.639999,0.346070677042007,3.3627028465271,5.00702476501465,4.52817058563232,12.4793605804443,48.6346092224121,13.553391456604,,False,0,3.14155543584799,False,0,True,False,False,False,False
9.66,0.356031775474548,3.26270008087158,4.8581223487854,4.39350891113281,12.4843835830688,48.7346115112305,13.5483684539795,,False,0,3.04157183882975,False,0,True,False,False,False,False
9.679999,0.36667013168335,3.16270565986633,4.70923900604248,4.25885725021362,12.4894065856934,48.8346061706543,13.5433464050293,,False,0,2.94158870385747,False,0,True,False,False,False,False
9.7,0.378057032823563,3.06270337104797,4.56033611297607,4.12419509887695,12.4944286346436,48.9346084594727,13.5383234024048,,False,0,2.84160607970423,False,0,True,False,False,False,False
9.719999,0.390311390161514,2.96270871162415,4.41144514083862,3.98954391479492,12.4994516372681,49.0346031188965,13.5333003997803,,False,0,2.74162388724388,False,0,True,False,False,False,False
9.74,0.403493314981461,2.86270642280579,4.26254272460938,3.85488200187683,12.5044736862183,49.1346054077148,13.5282783508301,,False,0,2.64164232963255,False,0,True,False,False,False,False
9.76,0.417712777853012,2.76271176338196,4.11365175247192,3.72023153305054,12.5094966888428,49.2346000671387,13.5232553482056,,False,0,2.54166148179091,False,0,True,False,False,False,False
9.78,0.433096885681152,2.6627094745636,3.96474933624268,3.58557271957397,12.5145196914673,49.334602355957,13.5182332992554,,False,0,2.44168143090895,False,0,True,False,False,False,False
9.8,0.449794948101044,2.56271481513977,3.81585812568665,3.45092129707336,12.5195417404175,49.4345970153809,13.5132102966309,,False,0,2.34170227906632,False,0,True,False,False,False,False
9.82,0.467982739210129,2.46747922897339,3.67405343055725,3.32267808914185,12.5243244171143,49.5298347473145,13.5084285736084,,False,0,2.24172414655394,False,0,False,False,False,False,False
9.84,0.486770182847977,2.38196063041687,3.54671669006348,3.20751976966858,12.5286169052124,49.6153526306152,13.5041351318359,,False,0,2.14651314590614,False,0,False,False,False,False,False
9.86,0.50494396686554,2.30141472816467,3.42678499221802,3.09905767440796,12.5326623916626,49.6958961486816,13.5000905990601,,False,0,2.06101065210742,False,0,False,False,False,False,False
9.88,0.523396790027618,2.22591853141785,3.31437158584595,2.99739527702332,12.5364551544189,49.7713928222656,13.4962978363037,,False,0,1.98048881572703,False,0,False,False,False,False,False
9.9,0.541990995407104,2.15532636642456,3.20926070213318,2.90233683586121,12.5399990081787,49.8419876098633,13.4927530288696,,False,0,1.90500867669654,False,0,False,False,False,False,False
9.92,0.560591697692871,2.0897536277771,3.11162352561951,2.81403732299805,12.5432920455933,49.9075584411621,13.4894609451294,,False,0,1.83444037902043,False,0,False,False,False,False,False
9.94,0.579031109809875,2.03417205810547,3.02886319160461,2.73919200897217,12.5460834503174,49.9631385803223,13.486668586731,,False,0,1.76888687125441,False,0,False,False,False,False,False
9.96,0.595417857170105,1.98396074771881,2.95409870147705,2.67157793045044,12.54860496521,50.0133514404297,13.4841480255127,,False,0,1.71331970943323,False,0,False,False,False,False,False
9.98,0.610962629318237,1.93833291530609,2.88615942001343,2.61013603210449,12.5508966445923,50.0589790344238,13.4818563461304,,False,0,1.66312578382227,False,0,False,False,False,False,False
10,0.625714719295502,1.89769339561462,2.82564759254456,2.55541133880615,12.5529356002808,50.0996208190918,13.4798164367676,,False,0,1.61751837242889,False,0,False,False,False,False,False
10.02,0.639264583587646,1.86208772659302,2.77263116836548,2.50746512413025,12.554723739624,50.1352233886719,13.4780282974243,,False,0,1.5768907160525,False,0,False,False,False,False,False
10.04,0.65141224861145,1.83659636974335,2.73467469215393,2.4731388092041,12.5560026168823,50.160717010498,13.476749420166,,False,0,1.54130367606655,False,0,False,False,False,False,False
10.06,0.659699082374573,1.81614673137665,2.70422530174255,2.44560146331787,12.5570306777954,50.1811637878418,13.4757213592529,,False,0,1.51582403806344,False,0,False,False,False,False,False
10.08,0.666034042835236,1.80052495002747,2.68096470832825,2.42456531524658,12.5578136444092,50.1967887878418,13.4749383926392,,False,0,1.49538085109314,False,0,False,False,False,False,False
10.1,0.670315861701965,1.7897310256958,2.66489267349243,2.41003036499023,12.5583562850952,50.2075805664063,13.4743967056274,,False,0,1.47976790936507,False,0,False,False,False,False,False
10.12,0.67257422208786,1.7841010093689,2.65650963783264,2.40244913101196,12.5586385726929,50.2132110595703,13.4741134643555,,False,0,1.46898496558805,False,0,False,False,False,False,False
10.14,0.672474026679993,1.7841010093689,2.65650963783264,2.40244913101196,12.5586385726929,50.2132110595703,13.4741134643555,,False,0,1.4633567060446,False,0,False,False,False,False,False
10.16,0.669788599014282,1.7841010093689,2.65650963783264,2.40244913101196,12.5586385726929,50.2132110595703,13.4741134643555,,False,0,1.46336039056085,False,0,False,False,False,False,False
10.18,0.667103290557861,1.7841010093689,2.65650963783264,2.40244913101196,12.5586385726929,50.2132110595703,13.4741134643555,,False,0,1.46336409019288,False,0,False,False,False,False,False
10.2,0.66441798210144,1.7841010093689,2.65650963783264,2.40244913101196,12.5586385726929,50.2132110595703,13.4741134643555,,False,0,1.46336780494058,False,0,False,False,False,False,False
10.22,0.661732792854309,1.7841010093689,2.65650963783264,2.40244913101196,12.5586385726929,50.2132110595703,13.4741134643555,,False,0,1.46337153480382,False,0,False,False,False,False,False
10.24,0.659047603607178,1.7841010093689,2.65650963783264,2.40244913101196,12.5586385726929,50.2132110595703,13.4741134643555,,False,0,1.4633752797825,False,0,False,False,False,False,False
10.26,0.656431317329407,1.7841010093689,2.65650963783264,2.40244913101196,12.5586385726929,50.2132110595703,13.4741134643555,,False,0,1.46337894327501,False,0,False,False,False,False,False
10.28,0.653815031051636,1.7841010093689,2.65650963783264,2.40244913101196,12.5586385726929,50.2132110595703,13.4741134643555,,False,0,1.46338262111989,False,0,False,False,False,False,False
10.3,0.65119880437851,1.7841010093689,2.65650963783264,2.40244913101196,12.5586385726929,50.2132110595703,13.4741134643555,,False,0,1.46338631330993,False,0,False,False,False,False,False
10.32,0.648582518100739,1.7841010093689,2.65650963783264,2.40244913101196,12.5586385726929,50.2132110595703,13.4741134643555,,False,0,1.46339001985449,False,0,False,False,False,False,False
10.34,0.645966291427612,1.7841010093689,2.65650963783264,2.40244913101196,12.5586385726929,50.2132110595703,13.4741134643555,,False,0,1.463393740744,False,0,False,False,False,False,False
10.36,0.643350005149841,1.7841010093689,2.65650963783264,2.40244913101196,12.5586385726929,50.2132110595703,13.4741134643555,,False,0,1.4633974759878,False,0,False,False,False,False,False
10.38,0.64073383808136,1.7841010093689,2.65650963783264,2.40244913101196,12.5586385726929,50.2132110595703,13.4741134643555,,False,0,1.46340122557633,False,0,False,False,False,False,False
10.4,0.638186454772949,1.7841010093689,2.65650963783264,2.40244913101196,12.5586385726929,50.2132110595703,13.4741134643555,,False,0,1.46340489028404,False,0,False,False,False,False,False
10.42,0.635639071464539,1.7841010093689,2.65650963783264,2.40244913101196,12.5586385726929,50.2132110595703,13.4741134643555,,False,0,1.46340856860531,False,0,False,False,False,False,False
10.44,0.633091866970062,1.7841010093689,2.65650963783264,2.40244913101196,12.5586385726929,50.2132110595703,13.4741134643555,,False,0,1.46341226051365,False,0,False,False,False,False,False
10.46,0.630544602870941,1.7841010093689,2.65650963783264,2.40244913101196,12.5586385726929,50.2132110595703,13.4741134643555,,False,0,1.46341596602577,False,0,False,False,False,False,False
10.48,0.62799745798111,1.7841010093689,2.65650963783264,2.40244913101196,12.5586385726929,50.2132110595703,13.4741134643555,,False,0,1.46341968514869,False,0,False,False,False,False,False
10.5,0.625450193881989,1.7841010093689,2.65650963783264,2.40244913101196,12.5586385726929,50.2132110595703,13.4741134643555,,False,0,1.46342341787039,False,0,False,False,False,False,False
10.52,0.622902989387512,1.7841010093689,2.65650963783264,2.40244913101196,12.5586385726929,50.2132110595703,13.4741134643555,,False,0,1.46342716421236,False,0,False,False,False,False,False
10.54,0.620355784893036,1.7841010093689,2.65650963783264,2.40244913101196,12.5586385726929,50.2132110595703,13.4741134643555,,False,0,1.46343092414811,False,0,False,False,False,False,False
10.56,0.617877662181854,1.7841010093689,2.65650963783264,2.40244913101196,12.5586385726929,50.2132110595703,13.4741134643555,,False,0,1.46343459552086,False,0,False,False,False,False,False
10.58,0.615399301052094,1.7841010093689,2.65650963783264,2.40244913101196,12.5586385726929,50.2132110595703,13.4741134643555,,False,0,1.46343827976643,False,0,False,False,False,False,False
10.6,0.612920939922333,1.7841010093689,2.65650963783264,2.40244913101196,12.5586385726929,50.2132110595703,13.4741134643555,,False,0,1.46344197688966,False,0,False,False,False,False,False
10.62,0.610442757606506,1.7841010093689,2.65650963783264,2.40244913101196,12.5586385726929,50.2132110595703,13.4741134643555,,False,0,1.46344568689046,False,0,False,False,False,False,False
10.64,0.60796445608139,1.7841010093689,2.65650963783264,2.40244913101196,12.5586385726929,50.2132110595703,13.4741134643555,,False,0,1.46344940976872,False,0,False,False,False,False,False
10.66,0.605486392974854,1.7841010093689,2.65650963783264,2.40244913101196,12.5586385726929,50.2132110595703,13.4741134643555,,False,0,1.46345314552434,False,0,False,False,False,False,False
10.68,0.603008210659027,1.7841010093689,2.65650963783264,2.40244913101196,12.5586385726929,50.2132110595703,13.4741134643555,,False,0,1.46345689415724,False,0,False,False,False,False,False
10.7,0.600529968738556,1.7841010093689,2.65650963783264,2.40244913101196,12.5586385726929,50.2132110595703,13.4741134643555,,False,0,1.4634606556673,False,0,False,False,False,False,False
10.72,0.598120808601379,1.7841010093689,2.65650963783264,2.40244913101196,12.5586385726929,50.2132110595703,13.4741134643555,,False,0,1.46346432503646,False,0,False,False,False,False,False
10.74,0.595711469650269,1.7841010093689,2.65650963783264,2.40244913101196,12.5586385726929,50.2132110595703,13.4741134643555,,False,0,1.46346800657715,False,0,False,False,False,False,False
10.76,0.593302369117737,1.7841010093689,2.65650963783264,2.40244913101196,12.5586385726929,50.2132110595703,13.4741134643555,,False,0,1.46347170028927,False,0,False,False,False,False,False
10.78,0.590893030166626,1.7841010093689,2.65650963783264,2.40244913101196,12.5586385726929,50.2132110595703,13.4741134643555,,False,0,1.46347540616779,False,0,False,False,False,False,False
