timestamp,rotation,northRay,northwestRay,northeastRay,eastRay,southRay,westRay,fitness,doorClosed,checkpointMet,distanceFromPlayer,seesKey,mouseRotation,forwardButtonPressed,backButtonPressed,leftButtonPressed,rightButtonPressed,keyButtonPressed
2.2,,,,,,,,,,,,False,,,,,,
2.22,13.3469305038452,48.6766471862793,5.00626564025879,31.7632503509521,22.4600276947021,3.25522637367249,3.53995823860168,,False,0,20.4071643212438,False,0,False,False,False,False,False
2.24,13.3469285964966,48.6766471862793,5.00626659393311,31.7632503509521,22.4600276947021,3.25522637367249,3.53995823860168,,False,0,20.4071643212438,False,0,False,False,False,False,False
2.26,13.3469285964966,48.6766471862793,5.00626659393311,31.7632503509521,22.4600276947021,3.25522637367249,3.53995823860168,,False,0,20.4071643212438,False,0,False,False,False,False,False
2.28,13.3469285964966,48.6766471862793,5.00626564025879,31.7632503509521,22.4600276947021,3.25522637367249,3.53995823860168,,False,0,20.4071643212438,False,0,False,False,False,False,False
2.3,13.3469285964966,48.6766471862793,5.00626564025879,31.7632503509521,22.4600276947021,3.25522637367249,3.53995823860168,,False,0,20.4071643212438,False,0,False,False,False,False,False
2.32,13.3469285964966,48.6766471862793,5.00626564025879,31.7632503509521,22.4600276947021,3.25522637367249,3.53995823860168,,False,0,20.4071643212438,False,0,False,False,False,False,False
2.34,13.3469285964966,48.6766471862793,5.00626564025879,31.7632503509521,22.4600276947021,3.25522637367249,3.53995823860168,,False,0,20.4071643212438,False,0,False,False,False,False,False
2.36,13.3469285964966,48.6766471862793,5.00626564025879,31.7632503509521,22.4600276947021,3.25522637367249,3.53995823860168,,False,0,20.4071643212438,False,0,False,False,False,False,False
2.38,13.3469285964966,48.6766471862793,5.00626564025879,31.7632503509521,22.4600276947021,3.25522637367249,3.53995823860168,,False,0,20.4071643212438,False,0,False,False,False,False,False
2.4,13.3469285964966,48.6766471862793,5.00626564025879,31.7632503509521,22.4600276947021,3.25522637367249,3.53995823860168,,False,0,20.4071643212438,False,0,False,False,False,False,False
2.42,13.3469285964966,48.6766471862793,5.00626564025879,31.7632503509521,22.4600276947021,3.25522637367249,3.53995823860168,,False,0,20.4071643212438,False,0,False,False,False,False,False
2.44,13.3469285964966,48.6766471862793,5.00626564025879,31.7632503509521,22.4600276947021,3.25522637367249,3.53995823860168,,False,0,20.4071643212438,False,0,False,False,False,False,False
2.46,13.3469285964966,48.6766471862793,5.00626564025879,31.7632503509521,22.4600276947021,3.25522637367249,3.53995823860168,,False,0,20.4071643212438,False,0,False,False,False,False,False
2.48,13.3469285964966,48.6766471862793,5.00626564025879,31.7632503509521,22.4600276947021,3.25522637367249,3.53995823860168,,False,0,20.4071643212438,False,0,False,False,False,False,False
2.5,13.3469285964966,48.6766471862793,5.00626564025879,31.7632503509521,22.4600276947021,3.25522637367249,3.53995823860168,,False,0,20.4071643212438,False,0,False,False,False,False,False
2.52,13.3469285964966,48.6766471862793,5.00626564025879,31.7632503509521,22.4600276947021,3.25522637367249,3.53995823860168,,False,0,20.4071643212438,False,0,False,False,False,False,False
2.54,13.3469285964966,48.6766471862793,5.00626564025879,31.7632503509521,22.4600276947021,3.25522637367249,3.53995823860168,,False,0,20.4071643212438,False,0,False,False,False,False,False
2.56,13.3469285964966,48.6766471862793,5.00626564025879,31.7632503509521,22.4600276947021,3.25522637367249,3.53995823860168,,False,0,20.4071643212438,False,0,False,False,False,False,False
2.58,13.3469285964966,48.6766471862793,5.00626564025879,31.7632503509521,22.4600276947021,3.25522637367249,3.53995823860168,,False,0,20.4071643212438,False,0,False,False,False,False,False
2.6,13.3469285964966,48.6766471862793,5.00626564025879,31.7632503509521,22.4600276947021,3.25522637367249,3.53995823860168,,False,0,20.4071643212438,False,0,False,False,False,False,False
2.62,13.3469285964966,48.6766471862793,5.00626564025879,31.7632503509521,22.4600276947021,3.25522637367249,3.53995823860168,,False,0,20.4071643212438,False,0,False,False,False,False,False
2.64,13.3469285964966,48.6766471862793,5.00626564025879,31.7632503509521,22.4600276947021,3.25522637367249,3.53995823860168,,False,0,20.4071643212438,False,0,False,False,False,False,False
2.66,13.3469285964966,48.6766471862793,5.00626564025879,31.7632503509521,22.4600276947021,3.25522637367249,3.53995823860168,,False,0,20.4071643212438,False,0,False,False,False,False,False
2.68,13.3469285964966,48.6795196533203,5.06116962432861,31.4229564666748,22.4617900848389,3.25544285774231,3.53974151611328,,False,0,20.4071643212438,False,0.125,False,False,False,False,False
2.7,13.0033798217773,48.6881828308105,5.11791610717773,31.0935611724854,22.4662303924561,3.25605058670044,3.53994202613831,,False,0,20.4071643212438,False,0.125,False,False,False,False,False
2.72,12.6626291275024,48.7276496887207,5.24965620040894,30.405179977417,22.4854221343994,3.25877165794373,3.54187417030334,,False,0,20.4071643212438,False,0.275000005960464,False,False,False,False,False
2.74,11.9223775863647,48.7378463745117,5.27468490600586,30.2851390838623,22.4903030395508,3.25946998596191,3.5424485206604,,False,0,20.4071643212438,False,0.0500000007450581,False,False,False,False,False
2.76,11.7891244888306,48.7740325927734,5.35183620452881,29.9340438842773,22.5075435638428,3.26194739341736,3.54456663131714,,False,0,20.4071643212438,False,0.150000005960464,False,False,False,False,False
2.78,11.3917102813721,48.8028373718262,5.40507793426514,29.7072772979736,22.5211925506592,3.26391839981079,3.54632234573364,,False,0,20.4071643212438,False,0.100000001490116,False,False,False,False,False
2.8,11.1286811828613,48.8622741699219,5.5018892288208,29.3239250183105,22.5492534637451,3.26797103881836,3.55004930496216,,False,0,20.4071643212438,False,0.174999997019768,False,False,False,False,False
2.82,10.6719245910645,48.9790649414063,5.66404342651367,28.754451751709,22.604154586792,3.27592968940735,3.55760431289673,,False,0,20.4071643212438,False,0.275000005960464,False,False,False,False,False
2.84,9.96280384063721,49.0159149169922,5.71053314208984,28.6058006286621,22.6214389801025,3.27843952178955,3.56002688407898,,False,0,20.4071643212438,False,0.0750000029802322,False,False,False,False,False
2.86,9.77114772796631,49.1543731689453,5.87308359146118,28.1298160552979,22.6862659454346,3.28786087036133,3.56923890113831,,False,0,20.4071643212438,False,0.25,False,False,False,False,False
2.88,9.13737487792969,49.2657356262207,5.99428796768188,27.8137340545654,21.1043262481689,3.29543733596802,3.57673931121826,,False,0,20.4071643212438,False,0.174999997019768,False,False,False,False,False
2.9,8.69815254211426,49.4266357421875,6.1598949432373,27.4269199371338,18.7512645721436,3.30637359619141,3.58766555786133,,False,0,20.4071643212438,False,0.225000008940697,False,False,False,False,False
2.92,8.13842582702637,49.5046157836914,6.23728084564209,27.2617874145508,17.8680839538574,3.3116729259491,3.5929901599884,,False,0,20.4071643212438,False,0.100000001490116,False,False,False,False,False
2.94,7.8913631439209,49.6291465759277,6.35803556442261,27.021614074707,16.6913642883301,3.32013630867004,3.60152792930603,,False,0,20.4071643212438,False,0.150000005960464,False,False,False,False,False
2.96,7.52263641357422,49.6726837158203,6.39958477020264,26.9435234069824,16.3334465026855,3.32309484481812,3.60451936721802,,False,0,20.4071643212438,False,0.0500000007450581,False,False,False,False,False
2.98,7.40020513534546,49.7399139404297,6.46318340301514,26.8281764984131,15.8250312805176,3.32766318321228,3.60914945602417,,False,0,20.4071643212438,False,0.0750000029802322,False,False,False,False,False
3,7.21699666976929,49.7628440856934,6.48472738265991,26.7901992797852,15.6626577377319,3.3292179107666,3.61072874069214,,False,0,20.4071643212438,False,0.025000000372529,False,False,False,False,False
3.02,7.15604066848755,49.7860260009766,6.50644683837891,26.7524642944336,15.5036811828613,3.33079385757446,3.61232662200928,,False,0,20.4071643212438,False,0.025000000372529,False,False,False,False,False
3.04,7.09514331817627,49.8094673156738,6.52834463119507,26.7149562835693,15.3479690551758,3.33238697052002,3.61394333839417,,False,0,20.4071643212438,False,0.025000000372529,False,False,False,False,False
3.06,7.03429889678955,49.8094673156738,6.52834463119507,26.7149562835693,15.3479690551758,3.33238697052002,3.61394333839417,,False,0,20.4071643212438,False,0,False,False,False,False,False
3.08,7.03429889678955,49.8094673156738,6.52834463119507,26.7149562835693,15.3479690551758,3.33238697052002,3.61394333839417,,False,0,20.4071643212438,False,0,False,False,False,False,False
3.1,7.03429889678955,49.8094673156738,6.52834463119507,26.7149562835693,15.3479690551758,3.33238697052002,3.61394333839417,,False,0,20.4071643212438,False,0,False,False,False,False,False
3.12,7.03429889678955,49.8331680297852,6.5504298210144,26.677677154541,15.1954298019409,3.33399796485901,3.61558270454407,,False,0,20.4071643212438,False,0.025000000372529,False,False,False,False,False
3.14,6.97351217269897,49.8813514709473,6.59513521194458,26.6038227081299,14.8994636535645,3.33726739883423,3.61890983581543,,False,0,20.4071643212438,False,0.0500000007450581,False,False,False,False,False
3.16,6.85209703445435,49.905834197998,6.61777305603027,26.567232131958,14.7558650970459,3.33893036842346,3.62060546875,,False,0,20.4071643212438,False,0.025000000372529,False,False,False,False,False
3.18,6.79146957397461,50.0321846008301,6.733811378479,26.3876838684082,14.0785551071167,3.34751343727112,3.62935328483582,,False,0,20.4071643212438,False,0.125,False,False,False,False,False
3.2,6.48912477493286,50.1111640930176,6.80581712722778,26.2826080322266,13.7020034790039,3.35287737846375,3.63483285903931,,False,0,20.4071643212438,False,0.0750000029802322,False,False,False,False,False
3.22,6.30832529067993,50.1380233764648,6.83023500442505,26.2480144500732,13.5810461044312,3.35469961166382,3.63670039176941,,False,0,20.4071643212438,False,0.025000000372529,False,False,False,False,False
3.24,6.24815988540649,50.1651573181152,6.85485601425171,26.2136421203613,13.4622764587402,3.35654020309448,3.63858366012573,,False,0,20.4071643212438,False,0.025000000372529,False,False,False,False,False
3.26,6.18803977966309,50.1651573181152,6.85485601425171,26.2136421203613,13.4622764587402,3.35654020309448,3.63858366012573,,False,0,20.4071643212438,False,0,False,False,False,False,False
3.28,6.18803977966309,50.1651573181152,6.85485601425171,26.2136421203613,13.4622764587402,3.35654020309448,3.63858366012573,,False,0,20.4071643212438,False,0,False,False,False,False,False
3.3,6.18803977966309,50.1651573181152,6.85485601425171,26.2136421203613,13.4622764587402,3.35654020309448,3.63858366012573,,False,0,20.4071643212438,False,0,False,False,False,False,False
3.32,6.18803977966309,50.1651573181152,6.85485601425171,26.2136421203613,13.4622764587402,3.35654020309448,3.63858366012573,,False,0,20.4071643212438,False,0,False,False,False,False,False
3.34,6.18803977966309,50.1651573181152,6.85485601425171,26.2136421203613,13.4622764587402,3.35654020309448,3.63858366012573,,False,0,20.4071643212438,False,0,False,False,False,False,False
3.36,6.18803977966309,50.1651573181152,6.85485601425171,26.2136421203613,13.4622764587402,3.35654020309448,3.63858366012573,,False,0,20.4071643212438,False,0,False,False,False,False,False
3.38,6.18803977966309,50.1651573181152,6.85485601425171,26.2136421203613,13.4622764587402,3.35654020309448,3.63858366012573,,False,0,20.4071643212438,False,0,False,False,False,False,False
3.4,6.18803977966309,50.1651573181152,6.85485601425171,26.2136421203613,13.4622764587402,3.35654020309448,3.63858366012573,,False,0,20.4071643212438,False,0,False,False,False,False,False
3.42,6.18803977966309,50.1651573181152,6.85485601425171,26.2136421203613,13.4622764587402,3.35654020309448,3.63858366012573,,False,0,20.4071643212438,False,0,False,False,False,False,False
3.44,6.18803977966309,50.1651573181152,6.85485601425171,26.2136421203613,13.4622764587402,3.35654020309448,3.63858366012573,,False,0,20.4071643212438,False,0,False,False,False,False,False
3.46,6.18803977966309,50.1925506591797,6.87969636917114,26.179479598999,13.3456449508667,3.35840249061584,3.64048981666565,,False,0,20.4071643212438,False,0.025000000372529,False,False,False,False,False
3.48,6.12796926498413,50.3048324584961,6.98121690750122,26.0449638366699,12.8992280960083,3.36602473258972,3.64830231666565,,False,0,20.4071643212438,False,0.100000001490116,False,False,False,False,False
3.5,5.88815784454346,50.3918952941895,7.05971145629883,25.9462776184082,12.5842037200928,3.37193894386292,3.65436577796936,,False,0,20.4071643212438,False,0.0750000029802322,False,False,False,False,False
3.52,5.70877742767334,50.3918952941895,7.05971145629883,25.9462776184082,12.5842037200928,3.37193894386292,3.65436577796936,,False,0,20.4071643212438,False,0.200000002980232,False,False,False,False,False
3.54,5.23233842849731,50.8984107971191,7.51601600646973,25.4504776000977,11.1415386199951,3.40632152557373,3.68977069854736,,False,0,20.4071643212438,False,0.200000002980232,False,False,False,False,False
3.56,4.75847053527832,51.2154312133789,7.80415391921997,25.1931552886963,10.4719734191895,3.42783761024475,3.71201014518738,,False,0,20.4071643212438,False,0.225000008940697,False,False,False,False,False
3.58,4.22814607620239,51.2521209716797,7.83773756027222,25.1654834747314,10.4027633666992,3.43032741546631,3.71458721160889,,False,0,20.4071643212438,False,0.025000000372529,False,False,False,False,False
3.6,4.16938734054565,51.2521209716797,7.83773756027222,25.1654834747314,10.4027633666992,3.43032741546631,3.71458721160889,,False,0,20.4071643212438,False,0,False,False,False,False,False
3.62,4.16938734054565,51.2891082763672,7.87164878845215,25.1379852294922,10.334511756897,3.43283748626709,3.71718621253967,,False,0,20.4071643212438,False,0.025000000372529,False,False,False,False,False
3.64,4.11066055297852,51.2891082763672,7.87164878845215,25.1379852294922,10.334511756897,3.43283748626709,3.71718621253967,,False,0,20.4071643212438,False,0,False,False,False,False,False
3.66,4.11066055297852,51.2891082763672,7.87164878845215,25.1379852294922,10.334511756897,3.43283748626709,3.71718621253967,,False,0,20.4071643212438,False,0,False,False,False,False,False
3.68,4.11066055297852,51.2891082763672,7.87164878845215,25.1379852294922,10.334511756897,3.43283748626709,3.71718621253967,,False,0,20.4071643212438,False,0,False,False,False,False,False
3.7,4.11066055297852,51.2891082763672,7.87164878845215,25.1379852294922,10.334511756897,3.43283748626709,3.71718621253967,,False,0,20.4071643212438,False,0.0500000007450581,False,False,False,False,False
3.72,3.9933021068573,51.4400444030762,8.01068592071533,25.0297985076904,10.070725440979,3.4430820941925,3.72779655456543,,False,0,20.4071643212438,False,0.0500000007450581,False,False,False,False,False
3.74,3.87606501579285,51.4785308837891,8.04631519317627,25.0031967163086,10.0069875717163,3.44569230079651,3.73050308227539,,False,0,20.4071643212438,False,0.025000000372529,False,False,False,False,False
3.76,3.81749224662781,51.5564117431641,8.1186580657959,24.9505138397217,9.88205623626709,3.45097851753235,3.73598217964172,,False,0,20.4071643212438,False,0.0500000007450581,False,False,False,False,False
3.78,3.70043039321899,51.5564117431641,8.1186580657959,24.9505138397217,9.88205623626709,3.45097851753235,3.73598217964172,,False,0,20.4071643212438,False,0,False,False,False,False,False
3.8,3.70043039321899,51.5564117431641,8.1186580657959,24.9505138397217,9.88205623626709,3.45097851753235,3.73598217964172,,False,0,20.4071643212438,False,0,False,False,False,False,False
3.82,3.70043039321899,51.5564117431641,8.1186580657959,24.9505138397217,9.88205623626709,3.45097851753235,3.73598217964172,,False,0,20.4071643212438,False,0,False,False,False,False,False
3.84,3.70043039321899,51.5564117431641,8.1186580657959,24.9505138397217,9.88205623626709,3.45097851753235,3.73598217964172,,False,0,20.4071643212438,False,0,False,False,False,False,False
3.86,3.70043039321899,51.5564117431641,8.1186580657959,24.9505138397217,9.88205623626709,3.45097851753235,3.73598217964172,,False,0,20.4071643212438,False,0,False,False,False,False,False
3.88,3.70043039321899,51.5564117431641,8.1186580657959,24.9505138397217,9.88205623626709,3.45097851753235,3.73598217964172,,False,0,20.4071643212438,False,0,False,False,False,False,False
3.9,3.70043039321899,51.5564117431641,8.1186580657959,24.9505138397217,9.88205623626709,3.45097851753235,3.73598217964172,,False,0,20.4071643212438,False,0,False,False,False,False,False
3.92,3.70043039321899,51.5564117431641,8.1186580657959,24.9505138397217,9.88205623626709,3.45097851753235,3.73598217964172,,False,0,20.4071643212438,False,0,False,False,False,False,False
3.94,3.70043039321899,51.5564117431641,8.1186580657959,24.9505138397217,9.88205623626709,3.45097851753235,3.73598217964172,,False,0,20.4071643212438,False,0,False,False,False,False,False
3.96,3.70043039321899,51.5564117431641,8.1186580657959,24.9505138397217,9.88205623626709,3.45097851753235,3.73598217964172,,False,0,20.4071643212438,False,0,False,False,False,False,False
3.98,3.70043039321899,51.5564117431641,8.1186580657959,24.9505138397217,9.88205623626709,3.45097851753235,3.73598217964172,,False,0,20.4071643212438,False,0,False,False,False,False,False
4,3.70043039321899,51.5564117431641,8.1186580657959,24.9505138397217,9.88205623626709,3.45097851753235,3.73598217964172,,False,0,20.4071643212438,False,0,False,False,False,False,False
4.02,3.70043039321899,51.5564117431641,8.1186580657959,24.9505138397217,9.88205623626709,3.45097851753235,3.73598217964172,,False,0,20.4071643212438,False,0,False,False,False,False,False
4.04,3.70043039321899,51.5564117431641,8.1186580657959,24.9505138397217,9.88205623626709,3.45097851753235,3.73598217964172,,False,0,20.4071643212438,False,0,False,False,False,False,False
4.06,3.70043039321899,51.5564117431641,8.1186580657959,24.9505138397217,9.88205623626709,3.45097851753235,3.73598217964172,,False,0,20.4071643212438,False,0,False,False,False,False,False
4.08,3.70043039321899,51.5564117431641,8.1186580657959,24.9505138397217,9.88205623626709,3.45097851753235,3.73598217964172,,False,0,20.4071643212438,False,0,False,False,False,False,False
4.1,3.70043039321899,51.5564117431641,8.1186580657959,24.9505138397217,9.88205623626709,3.45097851753235,3.73598217964172,,False,0,20.4071643212438,False,0,False,False,False,False,False
4.12,3.70043039321899,51.5564117431641,8.1186580657959,24.9505138397217,9.88205623626709,3.45097851753235,3.73598217964172,,False,0,20.4071643212438,False,0,False,False,False,False,False
4.14,3.70043039321899,51.5564117431641,8.1186580657959,24.9505138397217,9.88205623626709,3.45097851753235,3.73598217964172,,False,0,20.4071643212438,False,0,False,False,False,False,False
4.16,3.70043039321899,51.5564117431641,8.1186580657959,24.9505138397217,9.88205623626709,3.45097851753235,3.73598217964172,,False,0,20.4071643212438,False,0,False,False,False,False,False
4.18,3.70043039321899,51.5564117431641,8.1186580657959,24.9505138397217,9.88205623626709,3.45097851753235,3.73598217964172,,False,0,20.4071643212438,False,0,False,False,False,False,False
4.2,3.70043039321899,51.5564117431641,8.1186580657959,24.9505138397217,9.88205623626709,3.45097851753235,3.73598217964172,,False,0,20.4071643212438,False,0,False,False,False,False,False
4.22,3.70043039321899,51.5564117431641,8.1186580657959,24.9505138397217,9.88205623626709,3.45097851753235,3.73598217964172,,False,0,20.4071643212438,False,0,False,False,False,False,False
4.24,3.70043039321899,51.5564117431641,8.1186580657959,24.9505138397217,9.88205623626709,3.45097851753235,3.73598217964172,,False,0,20.4071643212438,False,0,False,False,False,False,False
4.26,3.70043039321899,51.5564117431641,8.1186580657959,24.9505138397217,9.88205623626709,3.45097851753235,3.73598217964172,,False,0,20.4071643212438,False,0,False,False,False,False,False
4.28,3.70043039321899,51.5564117431641,8.1186580657959,24.9505138397217,9.88205623626709,3.45097851753235,3.73598217964172,,False,0,20.4071643212438,False,0,False,False,False,False,False
4.3,3.70043039321899,51.5564117431641,8.1186580657959,24.9505138397217,9.88205623626709,3.45097851753235,3.73598217964172,,False,0,20.4071643212438,False,0,False,False,False,False,False
4.32,3.70043039321899,51.5564117431641,8.1186580657959,24.9505138397217,9.88205623626709,3.45097851753235,3.73598217964172,,False,0,20.4071643212438,False,0,False,False,False,False,False
4.34,3.70043039321899,51.5564117431641,8.1186580657959,24.9505138397217,9.88205623626709,3.45097851753235,3.73598217964172,,False,0,20.4071643212438,False,0,False,False,False,False,False
4.36,3.70043039321899,51.5564117431641,8.1186580657959,24.9505138397217,9.88205623626709,3.45097851753235,3.73598217964172,,False,0,20.4071643212438,False,0,False,False,False,False,False
4.38,3.70043039321899,51.5564117431641,8.1186580657959,24.9505138397217,9.88205623626709,3.45097851753235,3.73598217964172,,False,0,20.4071643212438,False,0,False,False,False,False,False
4.4,3.70043039321899,51.5564117431641,8.1186580657959,24.9505138397217,9.88205623626709,3.45097851753235,3.73598217964172,,False,0,20.4071643212438,False,0,False,False,False,False,False
4.42,3.70043039321899,51.5564117431641,8.1186580657959,24.9505138397217,9.88205623626709,3.45097851753235,3.73598217964172,,False,0,20.4071643212438,False,0,False,False,False,False,False
4.44,3.70043039321899,51.5564117431641,8.1186580657959,24.9505138397217,9.88205623626709,3.45097851753235,3.73598217964172,,False,0,20.4071643212438,False,0,False,False,False,False,False
4.46,3.70043039321899,51.5564117431641,8.1186580657959,24.9505138397217,9.88205623626709,3.45097851753235,3.73598217964172,,False,0,20.4071643212438,False,0,False,False,False,False,False
4.48,3.70043039321899,51.5564117431641,8.1186580657959,24.9505138397217,9.88205623626709,3.45097851753235,3.73598217964172,,False,0,20.4071643212438,False,0,False,False,False,False,False
4.5,3.70043039321899,51.5564117431641,8.1186580657959,24.9505138397217,9.88205623626709,3.45097851753235,3.73598217964172,,False,0,20.4071643212438,False,0,False,False,False,False,False
4.52,3.70043039321899,51.5564117431641,8.1186580657959,24.9505138397217,9.88205623626709,3.45097851753235,3.73598217964172,,False,0,20.4071643212438,False,0,False,False,False,False,False
4.54,3.70043039321899,51.5564117431641,8.1186580657959,24.9505138397217,9.88205623626709,3.45097851753235,3.73598217964172,,False,0,20.4071643212438,False,0,False,False,False,False,False
4.56,3.70043039321899,51.5564117431641,8.1186580657959,24.9505138397217,9.88205623626709,3.45097851753235,3.73598217964172,,False,0,20.4071643212438,False,0,False,False,False,False,False
4.58,3.70043039321899,51.5564117431641,8.1186580657959,24.9505138397217,9.88205623626709,3.45097851753235,3.73598217964172,,False,0,20.4071643212438,False,0,False,False,False,False,False
4.6,3.70043039321899,51.5564117431641,8.1186580657959,24.9505138397217,9.88205623626709,3.45097851753235,3.73598217964172,,False,0,20.4071643212438,False,0,False,False,False,False,False
4.62,3.70043039321899,51.5564117431641,8.1186580657959,24.9505138397217,9.88205623626709,3.45097851753235,3.73598217964172,,False,0,20.4071643212438,False,0,False,False,False,False,False
4.64,3.70043039321899,51.5564117431641,8.1186580657959,24.9505138397217,9.88205623626709,3.45097851753235,3.73598217964172,,False,0,20.4071643212438,False,0,False,False,False,False,False
4.66,3.70043039321899,51.5564117431641,8.1186580657959,24.9505138397217,9.88205623626709,3.45097851753235,3.73598217964172,,False,0,20.4071643212438,False,0,False,False,False,False,False
4.68,3.70043039321899,51.5564117431641,8.1186580657959,24.9505138397217,9.88205623626709,3.45097851753235,3.73598217964172,,False,0,20.4071643212438,False,0,False,False,False,False,False
4.7,3.70043039321899,51.5564117431641,8.1186580657959,24.9505138397217,9.88205623626709,3.45097851753235,3.73598217964172,,False,0,20.4071643212438,False,0,False,False,False,False,False
4.72,3.70043039321899,51.5564117431641,8.1186580657959,24.9505138397217,9.88205623626709,3.45097851753235,3.73598217964172,,False,0,20.4071643212438,False,0,False,False,False,False,False
4.74,3.70043039321899,51.5564117431641,8.1186580657959,24.9505138397217,9.88205623626709,3.45097851753235,3.73598217964172,,False,0,20.4071643212438,False,0,False,False,False,False,False
4.76,3.70043039321899,51.5564117431641,8.1186580657959,24.9505138397217,9.88205623626709,3.45097851753235,3.73598217964172,,False,0,20.4071643212438,False,0,False,False,False,False,False
4.78,3.70043039321899,51.5564117431641,8.1186580657959,24.9505138397217,9.88205623626709,3.45097851753235,3.73598217964172,,False,0,20.4071643212438,False,0,False,False,False,False,False
4.8,3.70043039321899,51.5564117431641,8.1186580657959,24.9505138397217,9.88205623626709,3.45097851753235,3.73598217964172,,False,0,20.4071643212438,False,0,False,False,False,False,False
4.82,3.70043039321899,51.5564117431641,8.1186580657959,24.9505138397217,9.88205623626709,3.45097851753235,3.73598217964172,,False,0,20.4071643212438,False,0,False,False,False,False,False
4.84,3.70043039321899,51.5564117431641,8.1186580657959,24.9505138397217,9.88205623626709,3.45097851753235,3.73598217964172,,False,0,20.4071643212438,False,0,False,False,False,False,False
4.86,3.70043039321899,51.5564117431641,8.1186580657959,24.9505138397217,9.88205623626709,3.45097851753235,3.73598217964172,,False,0,20.4071643212438,False,0,False,False,False,False,False
4.88,3.70043039321899,51.5564117431641,8.1186580657959,24.9505138397217,9.88205623626709,3.45097851753235,3.73598217964172,,False,0,20.4071643212438,False,0,False,False,False,False,False
4.9,3.70043039321899,51.5564117431641,8.1186580657959,24.9505138397217,9.88205623626709,3.45097851753235,3.73598217964172,,False,0,20.4071643212438,False,0,False,False,False,False,False
4.92,3.70043039321899,51.5564117431641,8.1186580657959,24.9505138397217,9.88205623626709,3.45097851753235,3.73598217964172,,False,0,20.4071643212438,False,0,False,False,False,False,False
4.94,3.70043039321899,51.5564117431641,8.1186580657959,24.9505138397217,9.88205623626709,3.45097851753235,3.73598217964172,,False,0,20.4071643212438,False,0,False,False,False,False,False
4.96,3.70043039321899,51.5564117431641,8.1186580657959,24.9505138397217,9.88205623626709,3.45097851753235,3.73598217964172,,False,0,20.4071643212438,False,0,False,False,False,False,False
4.98,3.70043039321899,51.5564117431641,8.1186580657959,24.9505138397217,9.88205623626709,3.45097851753235,3.73598217964172,,False,0,20.4071643212438,False,0,False,False,False,False,False
5,3.70043039321899,51.5564117431641,8.1186580657959,24.9505138397217,9.88205623626709,3.45097851753235,3.73598217964172,,False,0,20.4071643212438,False,0,False,False,False,False,False
5.02,3.70043039321899,51.5564117431641,8.1186580657959,24.9505138397217,9.88205623626709,3.45097851753235,3.73598217964172,,False,0,20.4071643212438,False,0,False,False,False,False,False
5.04,3.70043039321899,51.5564117431641,8.1186580657959,24.9505138397217,9.88205623626709,3.45097851753235,3.73598217964172,,False,0,20.4071643212438,False,0,False,False,False,False,False
5.06,3.70043039321899,51.5564117431641,8.1186580657959,24.9505138397217,9.88205623626709,3.45097851753235,3.73598217964172,,False,0,20.4071643212438,False,0,False,False,False,False,False
5.08,3.70043039321899,51.5564117431641,8.1186580657959,24.9505138397217,9.88205623626709,3.45097851753235,3.73598217964172,,False,0,20.4071643212438,False,0,False,False,False,False,False
5.1,3.70043039321899,51.5564117431641,8.1186580657959,24.9505138397217,9.88205623626709,3.45097851753235,3.73598217964172,,False,0,20.4071643212438,False,0,False,False,False,False,False
5.12,3.70043039321899,51.5564117431641,8.1186580657959,24.9505138397217,9.88205623626709,3.45097851753235,3.73598217964172,,False,0,20.4071643212438,False,0,False,False,False,False,False
5.14,3.70043039321899,51.5564117431641,8.1186580657959,24.9505138397217,9.88205623626709,3.45097851753235,3.73598217964172,,False,0,20.4071643212438,False,0,False,False,False,False,False
5.16,3.70043039321899,51.5564117431641,8.1186580657959,24.9505138397217,9.88205623626709,3.45097851753235,3.73598217964172,,False,0,20.4071643212438,False,0,False,False,False,False,False
5.18,3.70043039321899,51.5564117431641,8.1186580657959,24.9505138397217,9.88205623626709,3.45097851753235,3.73598217964172,,False,0,20.4071643212438,False,0,False,False,False,False,False
5.2,3.70043039321899,51.5564117431641,8.1186580657959,24.9505138397217,9.88205623626709,3.45097851753235,3.73598217964172,,False,0,20.4071643212438,False,0,False,False,False,False,False
5.22,3.70043039321899,51.5564117431641,8.1186580657959,24.9505138397217,9.88205623626709,3.45097851753235,3.73598217964172,,False,0,20.4071643212438,False,0,False,False,False,False,False
5.24,3.70043039321899,51.5564117431641,8.1186580657959,24.9505138397217,9.88205623626709,3.45097851753235,3.73598217964172,,False,0,20.4071643212438,False,0,False,False,False,False,False
5.26,3.70043039321899,51.5564117431641,8.1186580657959,24.9505138397217,9.88205623626709,3.45097851753235,3.73598217964172,,False,0,20.4071643212438,False,0,False,False,False,False,False
5.28,3.70043039321899,51.5564117431641,8.1186580657959,24.9505138397217,9.88205623626709,3.45097851753235,3.73598217964172,,False,0,20.4071643212438,False,0,False,False,False,False,False
5.3,3.70043039321899,51.5564117431641,8.1186580657959,24.9505138397217,9.88205623626709,3.45097851753235,3.73598217964172,,False,0,20.4071643212438,False,0,False,False,False,False,False
5.32,3.70043039321899,51.5564117431641,8.1186580657959,24.9505138397217,9.88205623626709,3.45097851753235,3.73598217964172,,False,0,20.4071643212438,False,0,False,False,False,False,False
5.34,3.70043039321899,51.5564117431641,8.1186580657959,24.9505138397217,9.88205623626709,3.45097851753235,3.73598217964172,,False,0,20.4071643212438,False,0,False,False,False,False,False
5.36,3.70043039321899,51.5564117431641,8.1186580657959,24.9505138397217,9.88205623626709,3.45097851753235,3.73598217964172,,False,0,20.4071643212438,False,0,False,False,False,False,False
5.38,3.70043039321899,51.5564117431641,8.1186580657959,24.9505138397217,9.88205623626709,3.45097851753235,3.73598217964172,,False,0,20.4071643212438,False,0,False,False,False,False,False
5.4,3.70043039321899,51.5564117431641,8.1186580657959,24.9505138397217,9.88205623626709,3.45097851753235,3.73598217964172,,False,0,20.4071643212438,False,0,False,False,False,False,False
5.42,3.70043039321899,51.5564117431641,8.1186580657959,24.9505138397217,9.88205623626709,3.45097851753235,3.73598217964172,,False,0,20.4071643212438,False,-0.025000000372529,False,False,False,False,False
5.44,3.75894474983215,51.4785308837891,8.04631519317627,25.0031967163086,10.0069875717163,3.44569230079651,3.73050308227539,,False,0,20.4071643212438,False,-0.025000000372529,False,False,False,False,False
5.46,3.81749224662781,51.3572807312012,7.94529867172241,25.0811500549316,10.2206811904907,3.44461584091187,3.72470617294312,,False,0,20.4071643212438,False,-0.0750000029802322,True,False,False,False,False
5.48,3.99462246894836,51.3458557128906,7.95351600646973,25.0770778656006,10.2545909881592,3.45604419708252,3.72855854034424,,False,0,20.400541084349,False,0,True,False,False,False,False
5.5,3.9968798160553,51.325309753418,7.96828556060791,25.0697536468506,10.3155431747437,3.47658658027649,3.73548245429993,,False,0,20.3892413387126,False,0,True,False,False,False,False
5.52,4.00094175338745,51.3000373840332,7.9864559173584,25.0607395172119,10.3905296325684,3.50185871124268,3.74400043487549,,False,0,20.368931117724,False,0,True,False,False,False,False
5.54,4.00595235824585,51.2701263427734,8.00795745849609,25.0500774383545,10.4792757034302,3.53176832199097,3.75408029556274,,False,0,20.3439450443267,False,0,True,False,False,False,False
5.56,4.0118989944458,51.2352180480957,8.03305721282959,25.0376319885254,10.582857131958,3.56667757034302,3.76584696769714,,False,0,20.3143754858405,False,0,True,False,False,False,False
5.58,4.01886034011841,51.1904640197754,8.0652322769165,25.0216770172119,10.7156534194946,3.61143326759338,3.780930519104,,False,0,20.2798635822925,False,0,True,False,False,False,False
5.6,4.02782297134399,51.1400947570801,8.10144329071045,25.0037212371826,10.8651008605957,3.66180062294006,3.79790616035461,,False,0,20.2356201375571,False,0,True,False,False,False,False
5.62,4.03795623779297,51.0849075317383,8.1411247253418,24.9840450286865,11.0288696289063,3.71699452400208,3.81650805473328,,False,0,20.1858317130441,False,0,True,False,False,False,False
5.64,4.0491189956665,51.02490234375,8.18425750732422,24.9626598358154,11.2068996429443,3.77699494361877,3.83672833442688,,False,0,20.1312756583471,False,0,True,False,False,False,False
5.66,4.0613260269165,50.9599609375,8.23094463348389,24.939510345459,11.3995847702026,3.84193444252014,3.85861492156982,,False,0,20.071973358925,False,0,True,False,False,False,False
5.68,4.07461833953857,50.8900299072266,8.28122138977051,24.9145774841309,11.607081413269,3.91186571121216,3.88218450546265,,False,0,20.0077930229713,False,0,True,False,False,False,False
5.7,4.08902978897095,50.8138694763184,8.33598041534424,24.8874244689941,11.8330678939819,3.98802852630615,3.90785527229309,,False,0,19.9386847691795,False,0,True,False,False,False,False
5.72,4.10484170913696,50.728702545166,8.3972053527832,24.8570690155029,12.0857734680176,4.07319641113281,3.93655705451965,,False,0,19.8634244398993,False,0,True,False,False,False,False
5.74,4.12267303466797,50.6387329101563,8.46188163757324,24.8249950408936,12.3527173995972,4.16316270828247,3.96687722206116,,False,0,19.7792756499174,False,0,True,False,False,False,False
5.76,4.14167547225952,50.6387329101563,8.46188163757324,24.8249950408936,12.3527173995972,4.16316270828247,3.96687722206116,,False,0,19.6903948585919,False,0,True,False,False,False,False
5.78,4.16300296783447,50.4387283325195,8.60566139221191,24.7537002563477,12.9461421966553,4.36316633224487,4.03428077697754,,False,0,19.5916114907374,False,0,True,False,False,False,False
5.8,4.18455266952515,50.3387260437012,8.67755317687988,24.718053817749,13.242862701416,4.46316814422607,4.06798219680786,,False,0,19.4928405451771,False,0,True,False,False,False,False
5.82,4.20632553100586,50.2387275695801,8.74944305419922,24.682409286499,13.5395832061768,4.56317043304443,4.10168361663818,,False,0,19.3940822117052,False,0,True,False,False,False,False
5.84,4.22832584381104,50.1387252807617,8.82133293151855,24.6467590332031,13.8363037109375,4.66317224502563,4.13538551330566,,False,0,19.2953366839772,False,0,True,False,False,False,False
5.86,4.2505578994751,50.0387229919434,8.89322280883789,24.6111106872559,14.1330242156982,4.76317405700684,4.16908693313599,,False,0,19.1966041596078,False,0,True,False,False,False,False
5.88,4.27302312850952,49.938720703125,8.96511268615723,24.5754642486572,14.429744720459,4.86317586898804,4.20278882980347,,False,0,19.0978848402717,False,0,True,False,False,False,False
5.9,4.29572820663452,49.8387184143066,9.0370044708252,24.5398178100586,14.7264652252197,4.9631781578064,4.23649549484253,,False,0,18.9991789318081,False,0,True,False,False,False,False
5.92,4.31867456436157,49.8387184143066,9.0370044708252,24.5398178100586,14.7264652252197,4.9631781578064,4.23649549484253,,False,0,18.900486644328,False,0,True,False,False,False,False
5.94,4.3418664932251,49.6387138366699,9.18078422546387,24.4685230255127,15.3199119567871,5.1631817817688,4.30389881134033,,False,0,18.8018081923243,False,0,True,False,False,False,False
5.96,4.365309715271,49.5387115478516,9.2526741027832,24.4328746795654,15.6166324615479,5.26318359375,4.33760070800781,,False,0,18.7031437947866,False,0,True,False,False,False,False
5.98,4.38900470733643,49.4387092590332,9.32456398010254,24.3972282409668,15.9133529663086,5.36318588256836,4.37130212783813,,False,0,18.604493675318,False,0,True,False,False,False,False
6,4.41295957565308,49.3387069702148,9.39645385742188,24.3615798950195,16.2100696563721,5.46318769454956,4.40500402450562,,False,0,18.5058580622572,False,0,True,False,False,False,False
6.02,4.43717622756958,49.2387084960938,9.46834373474121,24.3259296417236,16.5067901611328,5.56318950653076,4.43870544433594,,False,0,18.4072371888028,False,0,True,False,False,False,False
6.04,4.4616584777832,49.1387062072754,9.54023361206055,24.2902812957764,16.8035163879395,5.66319131851196,4.47240734100342,,False,0,18.3086312931431,False,0,True,False,False,False,False
6.06,4.48641395568848,49.038703918457,9.61212348937988,24.2546348571777,17.1002368927002,5.76319360733032,4.50610971450806,,False,0,18.2100406185885,False,0,True,False,False,False,False
6.08,4.51144409179688,48.9387016296387,9.68401432037354,24.2189865112305,17.3969573974609,5.86319541931152,4.53981161117554,,False,0,18.1114654137098,False,0,True,False,False,False,False
6.1,4.53675413131714,48.8386993408203,9.75590419769287,24.1833400726318,17.6936779022217,5.96319723129272,4.57351303100586,,False,0,18.0129059324792,False,0,True,False,False,False,False
6.12,4.56234979629517,48.738697052002,9.82779407501221,24.1476917266846,17.9903984069824,6.06319904327393,4.60721492767334,,False,0,17.9143624344172,False,0,True,False,False,False,False
6.14,4.58823490142822,48.6386947631836,9.89968585968018,24.1120452880859,18.2871189117432,6.16320133209229,4.64091634750366,,False,0,17.8158351847436,False,0,True,False,False,False,False
6.16,4.61441564559937,48.5386924743652,9.97157573699951,24.0763969421387,18.5838394165039,6.26320314407349,4.67461776733398,,False,0,17.7173244545335,False,0,True,False,False,False,False
6.18,4.64089441299438,48.4386901855469,10.0434656143188,24.04075050354,18.8805599212646,6.36320495605469,4.70831966400146,,False,0,17.6188305208788,False,0,True,False,False,False,False
6.2,4.66767835617065,48.3386917114258,10.1153554916382,24.0051040649414,19.1772804260254,6.46320676803589,4.74202108383179,,False,0,17.5203536670544,False,0,True,False,False,False,False
6.22,4.69477367401123,48.2386894226074,10.1872453689575,23.9694557189941,19.4740009307861,6.56320905685425,4.77572298049927,,False,0,17.4218941826903,False,0,True,False,False,False,False
6.24,4.72218561172485,48.1386871337891,10.2591352462769,23.9338092803955,19.7707214355469,6.66321086883545,4.80942440032959,,False,0,17.3234523639494,False,0,True,False,False,False,False
6.26,4.74991655349731,48.1386871337891,10.2591352462769,23.9338092803955,19.7707214355469,6.66321086883545,4.80942440032959,,False,0,17.2250285137112,False,0,True,False,False,False,False
6.28,4.77797555923462,47.9386825561523,10.4029159545898,23.8625144958496,20.3641624450684,6.86321449279785,4.87682962417603,,False,0,17.1266229417618,False,0,True,False,False,False,False
6.3,4.80636596679688,47.838680267334,10.4748058319092,23.8268661499023,20.6608829498291,6.96321678161621,4.91053152084351,,False,0,17.0282359649898,False,0,True,False,False,False,False
6.32,4.83509731292725,47.7386779785156,10.5466918945313,23.7912197113037,20.9576034545898,7.06321859359741,4.94423389434814,,False,0,16.9298679075899,False,0,True,False,False,False,False
6.34,4.86417150497437,47.6386756896973,10.6185817718506,23.7555713653564,21.2543239593506,7.16322040557861,4.97793579101563,,False,0,16.831519101272,False,0,True,False,False,False,False
6.36,4.89359474182129,47.5386734008789,10.6904716491699,23.7199249267578,21.5510444641113,7.26322221755981,5.01163721084595,,False,0,16.7331898854792,False,0,True,False,False,False,False
6.38,4.92337799072266,47.4386711120605,10.7623615264893,23.6842746734619,21.8477649688721,7.36322450637817,5.04533910751343,,False,0,16.6348806076118,False,0,True,False,False,False,False
6.4,4.95352458953857,47.3386726379395,10.8342542648315,23.6486282348633,22.1444854736328,7.46322631835938,5.07904052734375,,False,0,16.5365916232599,False,0,True,False,False,False,False
6.42,4.98404312133789,47.2386703491211,10.9061441421509,23.612979888916,22.3241481781006,7.56322813034058,5.11274242401123,,False,0,16.438323296444,False,0,True,False,False,False,False
6.44,5.01493692398071,47.1386680603027,10.9780340194702,23.5773334503174,22.2904453277588,7.66322994232178,5.14644384384155,,False,0,16.3400759998641,False,0,True,False,False,False,False
6.46,5.04621601104736,47.1386680603027,10.9780340194702,23.5773334503174,22.2904453277588,7.66322994232178,5.14644384384155,,False,0,16.2418501151571,False,0,True,False,False,False,False
6.48,5.0778865814209,46.938663482666,11.1218137741089,23.5060386657715,22.2230434417725,7.86323404312134,5.21384716033936,,False,0,16.1436460331643,False,0,True,False,False,False,False
6.5,5.1099534034729,46.8386611938477,11.1937036514282,23.4703903198242,22.1893405914307,7.96323585510254,5.24755001068115,,False,0,16.0454641542072,False,0,True,False,False,False,False
6.52,5.14243125915527,46.7386589050293,11.2655935287476,23.4347438812256,22.1556396484375,8.0632381439209,5.28125143051147,,False,0,15.9473048883744,False,0,True,False,False,False,False
6.54,5.17532110214233,46.6386566162109,11.3374853134155,23.399097442627,22.1219367980957,8.16323947906494,5.31495332717896,,False,0,15.8491686558182,False,0,True,False,False,False,False
6.56,5.2086329460144,46.5386543273926,11.4093799591064,23.3634490966797,22.0882358551025,8.2632417678833,5.34865474700928,,False,0,15.7510558870617,False,0,True,False,False,False,False
6.58,5.24237585067749,46.4386520385742,11.4812698364258,23.3278026580811,22.0545349121094,8.36324405670166,5.38235664367676,,False,0,15.6529670233183,False,0,True,False,False,False,False
6.6,5.27655792236328,46.4386520385742,11.4812698364258,23.3278026580811,22.0545349121094,8.36324405670166,5.38235664367676,,False,0,15.5549025168214,False,0,True,False,False,False,False
6.62,5.31118726730347,46.2386512756348,11.6250495910645,23.2565078735352,21.9871311187744,8.56324672698975,5.4497594833374,,False,0,15.4568628311671,False,0,True,False,False,False,False
6.64,5.34627151489258,46.1386489868164,11.6969394683838,23.2208595275879,21.9534301757813,8.66324901580811,5.48346138000488,,False,0,15.3588484416701,False,0,True,False,False,False,False
6.66,5.38182306289673,46.038646697998,11.7688293457031,23.1852130889893,21.9197273254395,8.76325130462646,5.51716566085815,,False,0,15.2608598357315,False,0,True,False,False,False,False
6.68,5.41784572601318,45.9386444091797,11.8407192230225,23.149564743042,21.8860263824463,8.86325263977051,5.55086708068848,,False,0,15.1628975132218,False,0,True,False,False,False,False
6.7,5.45435523986816,45.8386421203613,11.9126091003418,23.1139163970947,21.8523254394531,8.96325492858887,5.58456897735596,,False,0,15.0649619868777,False,0,True,False,False,False,False
6.72,5.49135732650757,45.738639831543,11.9844999313354,23.0782680511475,21.8186225891113,9.06325626373291,5.61827039718628,,False,0,14.9670537827138,False,0,True,False,False,False,False
6.74,5.52886438369751,45.6386375427246,12.0563898086548,23.0426216125488,21.7849216461182,9.16325855255127,5.65197229385376,,False,0,14.8691734404505,False,0,True,False,False,False,False
6.76,5.56688594818115,45.6386375427246,12.0563898086548,23.0426216125488,21.7849216461182,9.16325855255127,5.65197229385376,,False,0,14.7713215139583,False,0,True,False,False,False,False
6.78,5.60543155670166,45.4386367797852,12.2001695632935,22.9713268280029,21.7175178527832,9.36326217651367,5.71937561035156,,False,0,14.6734985717187,False,0,True,False,False,False,False
6.8,5.64451217651367,45.3386344909668,12.2720594406128,22.9356784820557,21.68381690979,9.46326446533203,5.75307703018188,,False,0,14.5757051973038,False,0,True,False,False,False,False
6.82,5.68414115905762,45.2386322021484,12.3439273834229,22.900032043457,21.6501140594482,9.56326675415039,5.78677892684937,,False,0,14.4779419898742,False,0,True,False,False,False,False
6.84,5.7243275642395,45.1386299133301,12.4158172607422,22.8643856048584,21.6164131164551,9.66326808929443,5.82048034667969,,False,0,14.3802095646967,False,0,True,False,False,False,False
6.86,5.76508378982544,45.0386276245117,12.4877071380615,22.8287372589111,21.5827121734619,9.76327037811279,5.85418319702148,,False,0,14.282508553682,False,0,True,False,False,False,False
6.88,5.80642223358154,44.9386253356934,12.5595970153809,22.7930908203125,21.5490093231201,9.86327171325684,5.88788461685181,,False,0,14.1848396059448,False,0,True,False,False,False,False
6.9,5.84835767745972,44.838623046875,12.6314868927002,22.7574424743652,21.515308380127,9.9632740020752,5.92158651351929,,False,0,14.0872033883853,False,0,True,False,False,False,False
6.92,5.8909010887146,44.7386207580566,12.7033767700195,22.7217960357666,21.4816074371338,10.0632762908936,5.95528793334961,,False,0,13.9896005862951,False,0,True,False,False,False,False
6.94,5.93406438827515,44.6386184692383,12.7752666473389,22.6861476898193,21.447904586792,10.1632776260376,5.98898935317993,,False,0,13.8920319039863,False,0,True,False,False,False,False
6.96,5.97786426544189,44.6386184692383,12.7752666473389,22.6861476898193,21.447904586792,10.1632776260376,5.98898935317993,,False,0,13.7944980654483,False,0,True,False,False,False,False
6.98,6.02230978012085,44.4386177062988,12.9190464019775,22.6148529052734,21.380500793457,10.3632822036743,6.05639266967773,,False,0,13.6969998150294,False,0,True,False,False,False,False
7,6.06742000579834,44.3386154174805,12.9909362792969,22.5792064666748,21.3467998504639,10.4632835388184,6.09009456634521,,False,0,13.5995379181481,False,0,True,False,False,False,False
7.02,6.11321020126343,44.2386131286621,13.0628261566162,22.5435562133789,21.3130989074707,10.5632858276367,6.12379598617554,,False,0,13.5021131620335,False,0,True,False,False,False,False
7.04,6.15969276428223,44.1386108398438,13.1347160339355,22.5079097747803,21.2793960571289,10.6632871627808,6.15749788284302,,False,0,13.4047263564961,False,0,True,False,False,False,False
7.06,6.20688533782959,44.0386085510254,13.2066068649292,22.472261428833,21.2456951141357,10.7632894515991,6.19119930267334,,False,0,13.3073783347323,False,0,True,False,False,False,False
7.08,6.25480365753174,43.938606262207,13.2784967422485,22.4366149902344,21.2119941711426,10.8632917404175,6.22490119934082,,False,0,13.2100699541614,False,0,True,False,False,False,False
7.1,6.30346345901489,43.8386039733887,13.3503866195679,22.4009666442871,21.1782913208008,10.9632930755615,6.25860357284546,,False,0,13.1128020972997,False,0,True,False,False,False,False
7.12,6.35288429260254,43.7386016845703,13.4222764968872,22.3653202056885,21.1445903778076,11.0632953643799,6.29230546951294,,False,0,13.0155756726713,False,0,True,False,False,False,False
7.14,6.40308237075806,43.638599395752,13.4941749572754,22.3296680450439,21.1108837127686,11.1632976531982,6.32600688934326,,False,0,12.9183916157584,False,0,True,False,False,False,False
7.16,6.45407629013062,43.5386009216309,13.5660648345947,22.2940216064453,21.0771827697754,11.2632989883423,6.35970878601074,,False,0,12.8212508899925,False,0,True,False,False,False,False
7.18,6.50588607788086,43.4385986328125,13.6379547119141,22.258373260498,21.0434818267822,11.3633012771606,6.39341020584106,,False,0,12.72415448779,False,0,True,False,False,False,False
7.2,6.55853080749512,43.3385963439941,13.7098445892334,22.2227268218994,21.0097789764404,11.4633026123047,6.42711162567139,,False,0,12.627103431632,False,0,True,False,False,False,False
7.22,6.61203193664551,43.2385940551758,13.7817344665527,22.1870784759521,20.9760780334473,11.563304901123,6.46081352233887,,False,0,12.5300987751932,False,0,True,False,False,False,False
7.24,6.66640520095825,43.1385917663574,13.8536243438721,22.1514320373535,20.9423770904541,11.6633071899414,6.49451494216919,,False,0,12.4331416045196,False,0,True,False,False,False,False
7.26,6.72167825698853,43.0385894775391,13.9255142211914,22.1157836914063,20.9086742401123,11.7633085250854,6.52821683883667,,False,0,12.3362330392608,False,0,True,False,False,False,False
7.28,6.77787208557129,42.9385871887207,13.9974040985107,22.0801372528076,20.8749732971191,11.8633108139038,6.56191825866699,,False,0,12.2393742339566,False,0,True,False,False,False,False
7.3,6.83500909805298,42.8385848999023,14.0692939758301,22.044490814209,20.841272354126,11.9633131027222,6.59562015533447,,False,0,12.1425663793823,False,0,True,False,False,False,False
7.32,6.89311027526855,42.738582611084,14.1411838531494,22.0088424682617,20.8075695037842,12.0633144378662,6.62932157516479,,False,0,12.0458107039562,False,0,True,False,False,False,False
7.34,6.95220518112183,42.6385803222656,14.2130737304688,21.9731960296631,20.773868560791,12.1633167266846,6.66302442550659,,False,0,11.9491084752111,False,0,True,False,False,False,False
7.36,7.0123143196106,42.5385818481445,14.2849636077881,21.9375476837158,20.7401657104492,12.2633180618286,6.69672584533691,,False,0,11.8524610013345,False,0,True,False,False,False,False
7.38,7.07346963882446,42.4385795593262,14.3568544387817,21.9019012451172,20.7064647674561,12.363320350647,6.73042774200439,,False,0,11.7558696327801,False,0,True,False,False,False,False
7.4,7.13569498062134,42.3385772705078,14.4287443161011,21.8662528991699,20.6727638244629,12.4633226394653,6.76412916183472,,False,0,11.659335763956,False,0,True,False,False,False,False
7.42,7.19901704788208,42.2385749816895,14.5006427764893,21.8306064605713,20.6390609741211,12.5633239746094,6.7978310585022,,False,0,11.5628608349916,False,0,True,False,False,False,False
7.44,7.26346826553345,42.1385726928711,14.5725326538086,21.794958114624,20.6053600311279,12.6633262634277,6.83153247833252,,False,0,11.466446333589,False,0,True,False,False,False,False
7.46,7.32907724380493,42.0385704040527,14.6444225311279,21.7593116760254,20.5716590881348,12.7633285522461,6.865234375,,False,0,11.3700937969634,False,0,True,False,False,False,False
7.48,7.39587497711182,41.9385681152344,14.7163124084473,21.7236633300781,20.537956237793,12.8633298873901,6.89893579483032,,False,0,11.2738048138767,False,0,True,False,False,False,False
7.5,7.46389484405518,41.838565826416,14.7882022857666,21.6880168914795,20.5042552947998,12.9633321762085,6.93263721466064,,False,0,11.17758102677,False,0,True,False,False,False,False
7.52,7.53317022323608,41.7385635375977,14.8600921630859,21.6523685455322,20.470552444458,13.0633335113525,6.96633911132813,,False,0,11.0814241340003,False,0,True,False,False,False,False
7.54,7.60373783111572,41.6385612487793,14.9319820404053,21.6167221069336,20.4368515014648,13.1633358001709,7.00004053115845,,False,0,10.9853358921872,False,0,True,False,False,False,False
7.56,7.67563009262085,41.5385627746582,14.9579153060913,21.581075668335,20.4031543731689,13.2633380889893,7.03374242782593,,False,0,10.8893181186758,False,0,True,False,False,False,False
7.58,7.74888372421265,41.4385604858398,15.0298051834106,21.5454273223877,20.3694534301758,13.3633394241333,7.06744480133057,,False,0,10.7933726941232,False,0,True,False,False,False,False
7.6,7.82354402542114,41.3385581970215,15.10169506073,21.5097808837891,20.3357524871826,13.4633417129517,7.10114669799805,,False,0,10.6975015652133,False,0,True,False,False,False,False
7.62,7.89964485168457,41.2385559082031,15.1735849380493,21.4741325378418,20.3020496368408,13.56334400177,7.13484811782837,,False,0,10.6017067475107,False,0,True,False,False,False,False
7.64,7.97723340988159,41.1385536193848,15.2454748153687,21.4384860992432,20.2683486938477,13.6633453369141,7.16855001449585,,False,0,10.5059903284584,False,0,True,False,False,False,False
7.66,8.05635166168213,41.0385513305664,15.317364692688,21.4028377532959,20.2346458435059,13.7633476257324,7.20225143432617,,False,0,10.41035447053,False,0,True,False,False,False,False
7.68,8.13704204559326,40.938549041748,15.3892545700073,21.3671913146973,20.2009449005127,13.8633489608765,7.23595333099365,,False,0,10.3148014145442,False,0,True,False,False,False,False
7.7,8.21935558319092,40.8385467529297,15.4611444473267,21.33154296875,20.1672439575195,13.9633512496948,7.26965475082397,,False,0,10.2193334831514,False,0,True,False,False,False,False
7.72,8.30333805084229,40.7385444641113,15.533034324646,21.2958965301514,20.1335411071777,14.0633535385132,7.30335664749146,,False,0,10.1239530845025,False,0,True,False,False,False,False
7.74,8.3890438079834,40.6385459899902,15.604923248291,21.2602481842041,20.0998401641846,14.1633548736572,7.33705806732178,,False,0,10.0286627161119,False,0,True,False,False,False,False
7.76,8.47652244567871,40.6385459899902,15.604923248291,21.2602481842041,20.0998401641846,14.1633548736572,7.33705806732178,,False,0,9.93346496892372,False,0,True,False,False,False,False
7.78,8.393723487854,40.4385414123535,15.7487030029297,21.1889533996582,20.0324363708496,14.3633594512939,7.40446138381958,,False,0,9.9183721212546,False,0,True,False,False,False,False
7.8,8.31026077270508,40.3385391235352,15.820592880249,21.1533069610596,19.9987354278564,14.463360786438,7.43816137313843,,False,0,9.90310510573515,False,0,True,False,False,False,False
7.82,8.2259349822998,40.2385368347168,15.8924827575684,21.1176605224609,19.9650344848633,14.5633630752563,7.47186326980591,,False,0,9.88756467448136,False,0,True,False,False,False,False
7.84,8.14044380187988,40.1385345458984,15.9643726348877,21.0820121765137,19.9313316345215,14.6633644104004,7.50556468963623,,False,0,9.87160568162726,False,0,True,False,False,False,False
7.86,8.05338382720947,40.0385322570801,16.036262512207,21.046365737915,19.8976306915283,14.7633666992188,7.53926658630371,,False,0,9.85503161241202,False,0,True,False,False,False,False
7.88,7.96419954299927,39.9385299682617,16.1081523895264,21.0107173919678,19.8639278411865,14.8633689880371,7.57296800613403,,False,0,9.83756109643181,False,0,True,False,False,False,False
7.9,7.87214326858521,39.9385299682617,16.1081523895264,21.0107173919678,19.8639278411865,14.8633689880371,7.57296800613403,,False,0,9.818794916269,False,0,True,False,False,False,False
7.92,7.77624797821045,39.738525390625,16.251932144165,20.9394226074219,19.7965259552002,15.0633726119995,7.64037132263184,,False,0,9.79817322452476,False,0,True,False,False,False,False
7.94,7.67525959014893,39.6385269165039,16.3238220214844,20.9037761688232,19.7628231048584,15.1633749008179,7.67407274246216,,False,0,9.7748953232201,False,0,True,False,False,False,False
7.96,7.56767702102661,39.5385246276855,16.3957118988037,20.868127822876,19.7291202545166,15.2633762359619,7.70777463912964,,False,0,9.74781812674416,False,0,True,False,False,False,False
7.98,7.45188665390015,39.4385223388672,16.467601776123,20.8324813842773,19.6954174041748,15.3633785247803,7.74147605895996,,False,0,9.71529535135725,False,0,True,False,False,False,False
8,7.32663297653198,39.3385200500488,16.5394916534424,20.7968330383301,19.6617164611816,15.4633798599243,7.77517795562744,,False,0,9.67496861165972,False,0,True,False,False,False,False
8.02,7.19219970703125,39.2385177612305,16.6113815307617,20.7611865997314,19.6280136108398,15.5633821487427,7.80887937545776,,False,0,9.62347239909847,False,0,True,False,False,False,False
8.04,7.05333566665649,39.1385154724121,16.6832714080811,20.7255382537842,19.5943126678467,15.663384437561,7.84258127212524,,False,0,9.55618702445365,False,0,True,False,False,False,False
8.059999,6.92622661590576,39.0385131835938,16.7551612854004,20.6898918151855,19.5606117248535,15.7633857727051,7.87628364562988,,False,0,9.46760318312105,False,0,True,False,False,False,False
8.08,6.85424089431763,38.9385108947754,16.8270511627197,20.6542453765869,19.5269088745117,15.8633880615234,7.90998554229736,,False,0,9.3555458348654,False,0,True,False,False,False,False
8.099999,6.90654134750366,38.838508605957,16.8989410400391,20.6185932159424,19.4932079315186,15.9633903503418,7.94368696212769,,False,0,9.24554414177872,False,0,True,False,False,False,False
8.12,6.99042415618896,38.7385063171387,16.9708309173584,20.5829448699951,19.4595069885254,16.0633926391602,7.97738885879517,,False,0,9.11748916203667,False,0,True,False,False,False,False
8.139999,7.13698577880859,38.6385078430176,17.0427207946777,20.5472984313965,19.4258041381836,16.1633892059326,8.0110912322998,,False,0,8.94947041476983,False,0,True,False,False,False,False
8.16,7.33153438568115,38.5385055541992,17.1146106719971,20.5116500854492,19.3921031951904,16.263391494751,8.04479312896729,,False,0,8.7744912284898,False,0,True,False,False,False,False
8.179999,7.56157541275024,38.4385032653809,17.1865005493164,20.4760036468506,19.3584022521973,16.3633937835693,8.0784969329834,,False,0,8.59760464983138,False,0,True,False,False,False,False
8.2,7.81915044784546,38.3385009765625,17.2583904266357,20.440357208252,19.3246994018555,16.4633960723877,8.11219787597656,,False,0,8.42047346352429,False,0,True,False,False,False,False
8.22,8.09953784942627,38.2384986877441,17.3302783966064,20.4047088623047,19.2909984588623,16.5633983612061,8.14589977264404,,False,0,8.24376303697428,False,0,True,False,False,False,False
8.24,8.4001932144165,38.1384963989258,17.4021682739258,20.3690624237061,19.2572956085205,16.6633987426758,8.17960166931152,,False,0,8.06778689306444,False,0,True,False,False,False,False
8.26,8.71997737884521,38.0384941101074,17.4740581512451,20.3334140777588,19.2235946655273,16.7634010314941,8.213303565979,,False,0,7.89271626949908,False,0,True,False,False,False,False
8.28,9.05872917175293,37.9384956359863,17.5459480285645,20.2977676391602,19.1898937225342,16.8633995056152,8.24700450897217,,False,0,7.71867489299453,False,0,True,False,False,False,False
8.3,9.41688060760498,37.838493347168,17.6178379058838,20.2621192932129,19.1561908721924,16.963399887085,8.28070640563965,,False,0,7.54576256962963,False,0,True,False,False,False,False
8.32,9.79537296295166,37.7384948730469,17.6897468566895,20.2264728546143,19.1224899291992,17.0634021759033,8.31440830230713,,False,0,7.37406291595673,False,0,True,False,False,False,False
8.34,10.1954727172852,37.6384925842285,17.7616367340088,20.190824508667,19.0887889862061,17.1634044647217,8.34810924530029,,False,0,7.20367027850645,False,0,True,False,False,False,False
8.36,10.6187553405762,37.5384902954102,17.8335266113281,20.1551780700684,19.0550861358643,17.26340675354,8.38181114196777,,False,0,7.03468717249056,False,0,True,False,False,False,False
8.38,11.0670433044434,37.4384880065918,17.9054164886475,20.1195297241211,19.0213851928711,17.3634071350098,8.41551399230957,,False,0,6.86721549416029,False,0,True,False,False,False,False
8.4,11.5424652099609,37.3384857177734,17.9773063659668,20.0838832855225,18.9876842498779,17.4634094238281,8.44921588897705,,False,0,6.70137137596204,False,0,True,False,False,False,False
8.42,12.0474071502686,37.2384834289551,18.0491962432861,20.0482349395752,18.9539813995361,17.5634117126465,8.48291683197021,,False,0,6.53727766626001,False,0,True,False,False,False,False
8.44,12.5845823287964,37.2384834289551,18.0491962432861,20.0482349395752,18.9539813995361,17.5634117126465,8.48291683197021,,False,0,6.37506773109935,False,0,True,False,False,False,False
8.46,13.1570520401001,37.0384788513184,18.1929759979248,19.9769420623779,18.8865776062012,17.7634162902832,8.55032062530518,,False,0,6.21489234623834,False,0,True,False,False,False,False
8.48,13.7682409286499,36.9384765625,18.2648658752441,19.9412937164307,18.852876663208,17.8634166717529,8.58402252197266,,False,0,6.05691024787723,False,0,True,False,False,False,False
8.5,14.4220867156982,36.8384780883789,18.3367557525635,19.905647277832,18.8191757202148,17.9634189605713,8.61772346496582,,False,0,5.90129784846837,False,0,True,False,False,False,False
8.52,15.1230039596558,36.7384757995605,18.4086456298828,19.8699989318848,18.785472869873,18.0634212493896,8.6514253616333,,False,0,5.74824755083982,False,0,True,False,False,False,False
8.54,15.8760204315186,36.6384735107422,18.4805355072021,19.8571376800537,18.7517719268799,18.163423538208,8.68512725830078,,False,0,5.59796950501127,False,0,True,False,False,False,False
8.559999,16.6868915557861,36.5384712219238,18.5524253845215,19.8214912414551,18.7180709838867,18.2634258270264,8.71882247924805,,False,0,5.45069600469184,False,0,True,False,False,False,False
8.58,17.5621795654297,36.4384689331055,18.6243152618408,19.7858428955078,18.6843681335449,18.3634281158447,8.75252437591553,,False,0,5.3066740875854,False,0,True,False,False,False,False
8.599999,18.5094032287598,36.4384689331055,18.6243152618408,19.7858428955078,18.6843681335449,18.3634281158447,8.75252437591553,,False,0,5.16617570238337,False,0,True,False,False,False,False
8.62,19.5372257232666,36.2384643554688,18.7680950164795,19.7145481109619,18.6169662475586,18.5634307861328,8.81992721557617,,False,0,5.02949614610664,False,0,True,False,False,False,False
8.639999,20.6556510925293,36.1384620666504,18.8399848937988,19.6789016723633,18.5832633972168,18.6634330749512,8.85362911224365,,False,0,4.89695519269538,False,0,True,False,False,False,False
8.66,21.8762168884277,36.038459777832,18.9118747711182,19.643253326416,18.5495624542236,18.7634353637695,8.88733100891113,,False,0,4.76889792453035,False,0,True,False,False,False,False
8.679999,23.212308883667,35.9384574890137,18.9837646484375,19.6076068878174,18.5158576965332,18.8634376525879,8.9210319519043,,False,0,4.64569513094358,False,0,True,False,False,False,False
8.7,24.679479598999,35.8384590148926,19.0556545257568,19.5719585418701,18.48215675354,18.9634380340576,8.95473384857178,,False,0,4.52774310937747,False,0,True,False,False,False,False
8.72,26.2957592010498,35.7384567260742,19.1275444030762,19.5363121032715,18.4484558105469,19.063440322876,8.98843574523926,,False,0,4.41546267780816,False,0,True,False,False,False,False
8.74,28.0820827484131,35.6384544372559,19.1994342803955,19.5006637573242,18.4147529602051,19.1634426116943,9.02213764190674,,False,0,4.30929718556026,False,0,True,False,False,False,False
8.76,30.0627021789551,35.5384521484375,19.2713241577148,19.4650173187256,18.3810520172119,19.2634449005127,9.0558385848999,,False,0,4.20970929965452,False,0,True,False,False,False,False
8.78,32.2655372619629,35.4384498596191,19.3432140350342,19.4293689727783,18.3473510742188,19.3634471893311,9.08954048156738,,False,0,4.11717635297265,False,0,True,False,False,False,False
8.8,34.722469329834,35.4384498596191,19.3432140350342,19.4293689727783,18.3473510742188,19.3634471893311,9.08954048156738,,False,0,4.03218407753364,False,0.174999997019768,True,False,False,False,False
8.82,36.5123405456543,35.6228256225586,20.7839374542236,19.0745429992676,18.4753265380859,19.7750778198242,9.25995826721191,,False,0,3.95391388903154,False,0.174999997019768,True,False,False,False,False
8.84,38.4907646179199,36.0448112487793,22.7267150878906,18.7063846588135,18.7064018249512,20.1658458709717,9.43579483032227,,False,0,3.88274952058594,False,0.425000011920929,True,False,False,False,False
8.86,39.1999092102051,36.1441841125488,23.57568359375,18.5650959014893,18.767541885376,20.3777694702148,9.53050708770752,,False,0,3.81714541218797,False,0.150000005960464,True,False,False,False,False
8.88,41.6539649963379,37.1286926269531,28.2204971313477,18.0984859466553,19.283130645752,19.4660186767578,9.86501884460449,,False,0,3.7594694203985,False,0.725000023841858,True,False,False,False,False
8.9,40.7447395324707,35.7053146362305,31.5411491394043,17.867244720459,19.5653457641602,18.3923645019531,10.0904188156128,,False,0,3.70557531317327,False,0.375,True,False,False,False,False
8.92,42.0103645324707,34.5107841491699,33.741870880127,17.7286834716797,19.7010440826416,17.9267730712891,10.2460155487061,,False,0,3.65829183446318,False,0.200000002980232,True,False,False,False,False
8.94,44.5115394592285,32.1061019897461,33.704891204834,17.492374420166,20.1355609893799,16.825719833374,10.5650062561035,,False,0,3.61917867758891,False,0.474999994039536,True,False,False,False,False
8.96,45.346378326416,32.1061019897461,33.704891204834,17.492374420166,20.1355609893799,16.825719833374,10.5650062561035,,False,0,3.5862476792406,False,0.100000001490116,True,False,False,False,False
8.98,48.8622093200684,31.0448589324951,33.4040184020996,17.3151569366455,20.2328414916992,16.5707569122314,10.8126668930054,,False,0,3.56257567304825,False,0.100000001490116,True,False,False,False,False
9,52.6952362060547,30.5368118286133,33.258960723877,17.2278995513916,20.2833251953125,16.4521770477295,10.9411725997925,,False,0,3.54831111688933,False,0.100000001490116,True,False,False,False,False
9.02,56.842399597168,29.2914562225342,33.0123558044434,17.0859260559082,20.580545425415,15.9329071044922,11.2082395553589,,False,0,3.54352922820103,False,0.300000011920929,True,False,False,False,False
9.04,59.5206260681152,28.4875049591064,32.8351821899414,16.9776363372803,20.7672462463379,15.6485919952393,11.3963556289673,,False,0,3.5465398775092,False,0.200000002980232,True,False,False,False,False
9.059999,63.1804122924805,27.4115924835205,32.6321563720703,16.8535346984863,21.1030731201172,15.2104930877686,11.6984758377075,,False,0,3.55806513008214,False,0.300000011920929,True,False,False,False,False
9.08,66.0075302124023,26.9312057495117,32.5087203979492,16.7687587738037,21.2048759460449,15.098596572876,11.8767938613892,,False,0,3.57708876499312,False,0.125,True,False,False,False,False
9.099999,70.5666122436523,26.2526473999023,32.3683586120605,16.6736640930176,21.4229698181152,14.872971534729,12.125376701355,,False,0,3.60488297685811,False,0.200000002980232,True,False,False,False,False
9.12,74.4440078735352,26.2526473999023,32.3683586120605,16.6736640930176,21.4229698181152,14.872971534729,12.125376701355,,False,0,3.64053903519541,False,1.55000007152557,True,False,False,False,False
9.139999,64.8108520507813,20.1584796905518,32.5415191650391,16.6828155517578,24.3195610046387,11.7042093276978,16.5257205963135,,False,0,3.67211063057694,False,1.55000007152557,True,False,False,False,False
9.16,56.0252342224121,18.2980995178223,33.7665061950684,17.246431350708,22.2477512359619,10.7771034240723,21.5697975158691,,False,0,3.69932738102694,False,1.75,True,False,False,False,False
9.179999,46.8062210083008,16.7585411071777,31.6115627288818,18.9703426361084,20.5531578063965,10.0373973846436,32.9685249328613,,False,0,3.72036514045007,False,2.5,True,False,False,False,False
9.2,34.8706474304199,16.374906539917,19.9394950866699,24.5725193023682,20.2051677703857,9.96763801574707,32.4108924865723,,False,0,3.72962278634895,False,4.65000009536743,True,False,False,False,False
9.22,18.0418186187744,18.4179973602295,16.6964778900146,20.6827716827393,20.3232192993164,11.3815727233887,32.929443359375,,False,0,3.71596711531737,False,4,True,False,False,False,False
9.24,7.90374994277954,22.7878246307373,16.6087951660156,20.5820941925049,11.4841041564941,20.2566528320313,18.4121742248535,,False,0,3.69101404851713,False,6.25,True,False,False,False,False
9.26,353.54345703125,20.0917205810547,19.3250179290771,17.814567565918,10.2052373886108,32.7677993774414,16.2591876983643,,False,0,3.66655372726032,False,3.75,True,False,False,False,False
9.28,343.745971679688,20.4731159210205,20.4127063751221,10.3938484191895,11.4655179977417,32.7795524597168,18.3340511322021,,False,0,3.65521201307176,False,8,True,False,False,False,False
9.3,303.990142822266,18.3331642150879,20.0072822570801,10.1784706115723,11.8246269226074,29.6034564971924,19.1087284088135,,False,0,3.6981339231557,False,0.725000023841858,True,False,False,False,False
9.32,296.975677490234,16.2976188659668,19.6533718109131,9.98140430450439,12.4235382080078,26.5675182342529,20.2683734893799,,False,0,3.74735973795498,False,0.900000035762787,True,False,False,False,False
9.34,287.475494384766,15.8367958068848,19.5311679840088,9.89768123626709,12.5148210525513,26.0771064758301,20.6239204406738,,False,0,3.80451741619944,False,0.200000002980232,True,False,False,False,False
9.36,284.546447753906,15.6076250076294,19.4381237030029,9.82760429382324,12.5002822875977,25.9635829925537,20.8118209838867,,False,0,3.86363004064373,False,0.0750000029802322,True,False,False,False,False
9.38,282.889434814453,15.382004737854,19.3464603424072,9.75753116607666,12.4854669570923,25.8538112640381,21.0032634735107,,False,0,3.92361032453451,False,0.0750000029802322,True,False,False,False,False
9.4,281.240173339844,15.2409973144531,19.2642784118652,9.69183921813965,12.4260730743408,25.884614944458,21.1222724914551,,False,0,3.98445268575262,False,0.025000000372529,True,False,False,False,False
9.42,280.131744384766,15.1005477905273,19.1823596954346,9.62605285644531,12.3663082122803,25.9156341552734,21.2420215606689,,False,0,4.0457112908604,False,0.025000000372529,True,False,False,False,False
9.44,279.042236328125,14.9606466293335,19.1007022857666,9.5601692199707,12.3061666488647,25.9468879699707,21.3625259399414,,False,0,4.1073775611167,False,0.025000000372529,True,False,False,False,False
9.46,277.9716796875,14.8212976455688,19.0193157196045,9.4941930770874,12.2456531524658,25.9783554077148,21.4837779998779,,False,0,4.16944333786777,False,0.025000000372529,True,False,False,False,False
9.48,276.920166015625,14.6824760437012,18.9381923675537,9.4281120300293,12.1847515106201,26.0100574493408,21.6058025360107,,False,0,4.23190345289527,False,0.025000000372529,True,False,False,False,False
9.5,275.887512207031,14.5824794769287,18.8609848022461,9.36390113830566,12.1015853881836,26.1100540161133,21.6889686584473,,False,0,4.2947507063077,False,0,True,False,False,False,False
9.52,275.1435546875,14.4824705123901,18.7837753295898,9.29968166351318,12.0184087753296,26.2100639343262,21.7721462249756,,False,0,4.35775868369136,False,0,True,False,False,False,False
9.54,274.419555664063,14.3824739456177,18.7065658569336,9.23547077178955,11.9352416992188,26.3100605010986,21.8553123474121,,False,0,4.42092051302641,False,0,True,False,False,False,False
9.559999,273.714904785156,14.2824649810791,18.6293563842773,9.17125129699707,11.8520650863647,26.4100685119629,21.9384880065918,,False,0,4.48422969315366,False,0,True,False,False,False,False
9.58,273.028991699219,14.1824684143066,18.5521469116211,9.10703945159912,11.7688989639282,26.5100650787354,22.021656036377,,False,0,4.54768007017618,False,0,True,False,False,False,False
9.599999,272.361328125,14.119704246521,18.478609085083,9.04476547241211,11.6912326812744,26.6799488067627,22.0647029876709,,False,0,4.61126581554864,False,-0.025000000372529,True,False,False,False,False
9.62,271.982543945313,14.056939125061,18.4049797058105,8.98267841339111,11.5876636505127,26.8505954742432,22.1074867248535,,False,0,4.67476169012927,False,-0.025000000372529,True,False,False,False,False
9.639999,271.62109375,14.0694417953491,18.3391704559326,8.92490768432617,11.4441385269165,27.1663761138916,22.0709075927734,,False,0,4.73816280186722,False,-0.0750000029802322,True,False,False,False,False
9.66,271.818572998047,14.0072088241577,18.265251159668,8.86359024047852,11.3428335189819,27.3396015167236,22.1129245758057,,False,0,4.80103294227599,False,-0.025000000372529,True,False,False,False,False
9.679999,271.489990234375,13.9449777603149,18.1912441253662,8.80245494842529,11.2421550750732,27.5136241912842,22.1546821594238,,False,0,4.86379812957891,False,-0.025000000372529,True,False,False,False,False
9.7,271.176696777344,13.9977073669434,18.1302928924561,8.74828720092773,11.0845241546631,27.9161930084229,22.0802536010742,,False,0,4.92645685815841,False,-0.100000001490116,True,False,False,False,False
9.719999,271.691467285156,13.9363088607788,18.055908203125,8.68811893463135,10.9865188598633,28.09348487854,22.1211414337158,,False,0,4.98834788613731,False,-0.025000000372529,True,False,False,False,False
9.74,271.407104492188,14.1531772613525,18.0161590576172,8.64581775665283,10.7623453140259,28.8348426818848,21.9008941650391,,False,0,5.05012130252494,False,-0.200000002980232,True,False,False,False,False
9.76,273.033081054688,14.1347723007202,17.9464950561523,8.59013080596924,10.6513347625732,29.1017532348633,21.9041976928711,,False,0,5.11024764744415,False,-0.0500000007450581,True,False,False,False,False
9.78,273.046691894531,14.4147567749023,17.9180583953857,8.5556058883667,10.4249792098999,29.9872035980225,21.6620101928711,,False,0,5.17003320435944,False,-0.225000008940697,True,False,False,False,False
9.8,274.964752197266,14.5357913970947,17.8679866790771,8.51222610473633,10.2729005813599,30.548849105835,21.5648174285889,,False,0,5.2279495391579,False,-0.125,True,False,False,False,False
9.82,275.811859130859,14.8530263900757,17.8481159210205,8.48494815826416,10.0657300949097,31.5290966033936,21.3422355651855,,False,0,5.28486406310034,False,-0.225000008940697,True,False,False,False,False
9.84,277.741394042969,15.5674180984497,17.8935699462891,8.49176788330078,9.77490997314453,33.3644027709961,20.9256629943848,,False,0,5.33990001748154,False,-0.400000005960464,True,False,False,False,False
9.86,281.520690917969,16.4540882110596,17.9702262878418,8.51727962493896,9.49979114532471,35.5866737365723,20.5224304199219,,False,0,5.39153778813396,False,-0.425000011920929,True,False,False,False,False
9.88,285.495788574219,18.1740703582764,18.1844501495361,8.61340045928955,9.1605052947998,38.8162612915039,19.9555282592773,,False,0,5.43956634058796,False,-0.650000035762787,True,False,False,False,False
9.9,291.586242675781,18.2229099273682,19.0316104888916,9.02105712890625,8.63772010803223,36.8689498901367,18.9443454742432,,False,0,5.48205984784802,False,-1.45000004768372,True,False,False,False,False
9.92,304.248229980469,17.6743984222412,19.7496089935303,9.38063049316406,8.39494800567627,36.0581512451172,18.5065746307373,,False,0,5.5123374557272,False,-0.925000011920929,True,False,False,False,False
9.94,311.114074707031,17.0855827331543,21.7776145935059,10.3822612762451,8.14538097381592,35.1567916870117,18.0100784301758,,False,0,5.53505655784157,False,-1.72500002384186,True,False,False,False,False
9.96,321.930236816406,16.9209480285645,23.8127040863037,12.2798299789429,8.11403751373291,35.1223449707031,17.9417457580566,,False,0,5.54430110740614,False,-2,True,False,False,False,False
9.98,331.659790039063,17.6396656036377,20.0920734405518,17.8047142028809,8.52951335906982,26.3808670043945,18.7891902923584,,False,0,5.53935472872862,False,-2.82500004768372,True,False,False,False,False
10,342.032867431641,21.0893268585205,17.9821529388428,16.8425846099854,10.3110656738281,13.3436861038208,22.5419979095459,,False,0,5.51786750296769,False,-3.95000004768372,True,False,False,False,False
10.02,353.045501708984,24.049201965332,17.769962310791,16.6343097686768,11.9075889587402,11.3990545272827,25.720609664917,,False,0,5.48204830823866,False,-1.72500002384186,True,False,False,False,False
10.04,357.468536376953,21.6260509490967,17.9539127349854,16.817590713501,14.4466705322266,10.1627283096313,30.7776927947998,,False,0,5.44417489673769,False,-1.72500002384186,True,False,False,False,False
10.06,1.86194288730621,20.4570140838623,18.1726016998291,17.048734664917,16.4822235107422,9.75728988647461,34.5965194702148,,False,0,5.40707636763683,False,-0.900000035762787,True,False,False,False,False
10.08,4.41907119750977,20.3307342529297,18.093864440918,17.0058174133301,16.7128982543945,9.84467029571533,34.5549087524414,,False,0,5.37228581623343,False,-0.025000000372529,True,False,False,False,False
10.1,4.94979333877563,20.2047443389893,18.015007019043,16.9631214141846,16.945592880249,9.93200492858887,34.5129203796387,,False,0,5.33913938915297,False,-0.025000000372529,True,False,False,False,False
10.12,5.49047613143921,19.6891689300537,18.1124744415283,17.0900402069092,18.2878074645996,9.82641792297363,36.686393737793,,False,0,5.30767846631966,False,-0.425000011920929,True,False,False,False,False
10.14,7.02530145645142,19.3877830505371,18.1305694580078,17.1463470458984,18.3353080749512,9.82524681091309,37.891040802002,,False,0,5.2787873458078,False,-0.225000008940697,True,False,False,False,False
10.16,8.11484050750732,18.6995143890381,18.464391708374,17.5090808868408,17.7320384979248,9.62515068054199,38.843074798584,,False,0,5.252298814862,False,-0.75,True,False,False,False,False
10.18,10.6076602935791,18.4626369476318,18.496021270752,17.5918598175049,17.5601081848145,9.65422248840332,38.5999298095703,,False,0,5.23001144572388,False,-0.200000002980232,True,False,False,False,False
10.2,11.7636728286743,18.2974052429199,18.463493347168,17.6158924102783,17.4574298858643,9.71987533569336,38.5037078857422,,False,0,5.21064020077834,False,-0.100000001490116,True,False,False,False,False
10.22,12.6872005462646,17.9991035461426,18.5946292877197,17.7998638153076,17.2297916412354,9.71379852294922,38.1233863830566,,False,0,5.19395489433403,False,-0.325000017881393,True,False,False,False,False
10.24,14.2811546325684,17.8005886077881,18.6242904663086,17.8907566070557,17.099494934082,9.76025772094727,37.9499626159668,,False,0,5.18096771051044,False,-0.174999997019768,True,False,False,False,False
10.26,15.5139417648315,17.4721126556396,18.889181137085,18.2135238647461,16.8471431732178,9.73408603668213,37.4939575195313,,False,0,5.171245256023,False,-0.450000017881393,True,False,False,False,False
10.28,17.6525192260742,17.3374118804932,18.8465957641602,18.2441902160645,16.7832450866699,9.81461524963379,37.4496536254883,,False,0,5.16625372628457,False,-0.0750000029802322,True,False,False,False,False
10.3,18.7167472839355,17.1496696472168,18.9178771972656,18.3878726959229,16.6692028045654,9.864577293396,37.2884979248047,,False,0,5.16436828088392,False,-0.200000002980232,True,False,False,False,False
10.32,20.2377548217773,16.9491062164307,19.0444087982178,18.5897693634033,16.5444869995117,9.90630722045898,37.0959625244141,,False,0,5.16630855914659,False,-0.25,True,False,False,False,False
10.34,22.0155487060547,16.8025608062744,19.0554580688477,18.6826210021973,16.4738025665283,9.97889423370361,37.0189208984375,,False,0,5.17247948982013,False,-0.125,True,False,False,False,False
10.36,23.4354419708252,16.6415328979492,19.1444435119629,18.8315143585205,16.390115737915,10.0423793792725,36.907772064209,,False,0,5.18227807987195,False,-0.174999997019768,True,False,False,False,False
10.38,25.1142044067383,16.5415306091309,19.0295467376709,18.804988861084,16.3670291900635,10.1423807144165,36.9308586120605,,False,0,5.19605205543397,False,0,True,False,False,False,False
10.4,26.1735000610352,16.4415321350098,18.8905811309814,18.7784633636475,16.3439426422119,10.2423791885376,36.9539451599121,,False,0,5.21275630355064,False,0,True,False,False,False,False
10.42,27.2595252990723,16.3333187103271,18.8013305664063,18.7777366638184,16.3128108978271,10.3372211456299,36.9583702087402,,False,0,5.23236459826754,False,-0.025000000372529,True,False,False,False,False
10.44,28.4798717498779,16.2252407073975,18.7118682861328,18.7773513793945,16.2820091247559,10.4320707321167,36.9627494812012,,False,0,5.25500910434384,False,-0.025000000372529,True,False,False,False,False
10.46,29.7362365722656,16.1252403259277,18.5965423583984,18.7512531280518,16.2593803405762,10.5320701599121,36.9853782653809,,False,0,5.28066293463221,False,0,True,False,False,False,False
10.48,30.9138011932373,16.025239944458,18.4812164306641,18.7251644134521,16.2367572784424,10.6320695877075,37.007999420166,,False,0,5.30912156089723,False,0,True,False,False,False,False
10.5,32.1188774108887,15.9657306671143,18.2415828704834,18.5715866088867,16.2545509338379,10.7591333389282,37.1251373291016,,False,0,5.34034014312701,False,0.125,True,False,False,False,False
10.52,32.7391929626465,15.952564239502,17.8915691375732,18.3013916015625,16.3179664611816,10.9180727005005,37.3528861999512,,False,0,5.37337949071083,False,0.25,True,False,False,False,False
10.54,32.7362518310547,16.1640872955322,17.1595420837402,17.6296157836914,16.6068916320801,11.2327852249146,38.1150512695313,,False,0,5.40726447657946,False,0.75,True,False,False,False,False
10.56,30.3595294952393,16.7895679473877,16.2518177032471,16.7580661773682,17.312572479248,11.8402824401855,36.4681053161621,,False,0,5.43840322374262,False,1.27499997615814,True,False,False,False,False
10.58,25.927267074585,17.8519325256348,15.5665349960327,16.0940914154053,18.4569454193115,12.7650461196899,28.7468795776367,,False,0,5.46337425200371,False,1.42500007152557,True,False,False,False,False
10.6,21.4178371429443,20.8384914398193,15.1140823364258,15.6362781524658,14.5724153518677,16.4403285980225,20.169807434082,,False,0,5.48170862328771,False,3.32500004768372,True,False,False,False,False
10.62,11.8684892654419,18.6469497680664,15.3271532058716,15.8380432128906,13.1790218353271,19.780424118042,18.0454387664795,,False,0,5.4859655726825,False,1.57500004768372,True,False,False,False,False
10.64,8.13894176483154,17.9681797027588,15.448579788208,15.9321918487549,12.8306579589844,21.5265045166016,17.4227542877197,,False,0,5.4861518897274,False,0.574999988079071,True,False,False,False,False
10.66,6.99913358688354,17.3698863983154,15.6171131134033,16.0667877197266,12.5290155410767,23.6445541381836,16.883731842041,,False,0,5.48552762169984,False,0.574999988079071,True,False,False,False,False
10.68,5.85396671295166,17.0021877288818,15.725193977356,16.1326942443848,12.3857870101929,25.2083129882813,16.5727252960205,,False,0,5.48419765884993,False,0.349999994039536,True,False,False,False,False
10.7,5.24350023269653,16.8305225372314,15.7266759872437,16.0861530303955,12.3817834854126,25.7666988372803,16.4544143676758,,False,0,5.48264549650916,False,0.100000001490116,True,False,False,False,False
10.72,5.2250599861145,16.4639072418213,15.8875131607056,16.1982498168945,12.2303600311279,27.9100208282471,16.1480770111084,,False,0,5.48128821915597,False,0.400000005960464,True,False,False,False,False
10.74,4.48009252548218,16.2717666625977,15.9282169342041,16.1837978363037,12.2044858932495,28.8747882843018,16.0148048400879,,False,0,5.47964138932446,False,0.150000005960464,True,False,False,False,False
10.76,4.32102918624878,16.0414524078369,16.0183868408203,16.2163867950439,12.1472110748291,30.3921718597412,15.8455972671509,,False,0,5.47807432530132,False,0.225000008940697,True,False,False,False,False
10.78,3.97672820091248,15.9414539337158,15.9780559539795,16.1152973175049,12.1871070861816,30.4921722412109,15.8057012557983,,False,0,5.47648018864191,False,0,True,False,False,False,False
10.8,4.16097021102905,15.8414545059204,15.9377250671387,16.0142078399658,12.2270030975342,30.5921726226807,15.7658052444458,,False,0,5.47514281247994,False,0,True,False,False,False,False
10.82,4.3456072807312,15.741455078125,15.8973941802979,15.9131183624268,12.266900062561,30.6921730041504,15.7259092330933,,False,0,5.47406238500401,False,0,True,False,False,False,False
10.84,4.53063344955444,15.6414566040039,15.8570623397827,15.8120279312134,12.3067932128906,30.7921733856201,15.6860122680664,,False,0,5.47323905838054,False,0,True,False,False,False,False
10.86,4.71604871749878,15.5414581298828,15.8167314529419,15.7109384536743,12.3466892242432,30.8921737670898,15.6461162567139,,False,0,5.47267294864679,False,0,True,False,False,False,False
10.88,4.90185308456421,15.4414587020874,15.7764005661011,15.6098489761353,12.3865852355957,30.9921760559082,15.6062202453613,,False,0,5.47236413562913,False,0,True,False,False,False,False
10.9,5.08803987503052,15.341459274292,15.7360687255859,15.5087594985962,12.4264822006226,31.0921764373779,15.5663242340088,,False,0,5.47231266288679,False,0,True,False,False,False,False
10.92,5.2746057510376,15.2414598464966,15.6957397460938,15.4076700210571,12.4663782119751,31.1921768188477,15.5264291763306,,False,0,5.47251853768114,False,0,True,False,False,False,False
10.94,5.46154928207397,15.1414604187012,15.6554088592529,15.3065795898438,12.5062732696533,31.2921772003174,15.4865322113037,,False,0,5.47298173097061,False,0,True,False,False,False,False
10.96,5.64886713027954,15.0414619445801,15.6150770187378,15.2054901123047,12.5461692810059,31.3921775817871,15.4466361999512,,False,0,5.47370217743109,False,0,True,False,False,False,False
10.98,5.83656024932861,14.9414625167847,15.574746131897,15.1044006347656,12.5860652923584,31.4921779632568,15.4067411422729,,False,0,5.47467977550206,False,0,True,False,False,False,False
11,6.02462100982666,14.8414630889893,15.5344152450562,15.0033111572266,12.6259622573853,31.5921783447266,15.3668451309204,,False,0,5.47591438745805,False,0,True,False,False,False,False
11.02,6.21304702758789,14.7414636611938,15.494083404541,14.9022216796875,12.6658582687378,31.6921787261963,15.3269491195679,,False,0,5.47740583950565,False,0,True,False,False,False,False
11.04,6.40183544158936,14.6414651870728,15.4537525177002,14.8011312484741,12.7057542800903,31.7921810150146,15.2870531082153,,False,0,5.47915392190552,False,0,True,False,False,False,False
11.06,6.59098672866821,14.5414657592773,15.4134216308594,14.7000322341919,12.7456502914429,31.8921813964844,15.2471561431885,,False,0,5.4811583891196,False,0,True,False,False,False,False
11.08,6.78049230575562,14.4414653778076,15.3730907440186,14.5989418029785,12.7855463027954,31.9921817779541,15.2072601318359,,False,0,5.48341895998302,False,0,True,False,False,False,False
11.1,6.9703540802002,14.3414659500122,15.3327598571777,14.4978523254395,12.8254423141479,32.0921821594238,15.1673641204834,,False,0,5.48593531790048,False,0,True,False,False,False,False
11.12,7.16056394577026,14.2414665222168,15.2924289703369,14.3967628479004,12.8653392791748,32.1921844482422,15.1274681091309,,False,0,5.48870711106687,False,0,True,False,False,False,False
11.14,7.35112333297729,14.1414680480957,15.2520971298218,14.2956733703613,12.9052352905273,32.2921829223633,15.0875720977783,,False,0,5.49173395271164,False,0,True,False,False,False,False
11.16,7.54202651977539,14.0414686203003,15.211766242981,14.1945838928223,12.9451313018799,32.3921852111816,15.0476760864258,,False,0,5.49501542136663,False,0,True,False,False,False,False
11.18,7.73326730728149,13.9414691925049,15.1714344024658,14.0934934616089,12.9850273132324,32.4921836853027,15.0077800750732,,False,0,5.49855106115693,False,0,True,False,False,False,False
11.2,7.92484903335571,13.8414707183838,15.131103515625,13.9924030303955,13.0249223709106,32.5921859741211,14.9678831100464,,False,0,5.50234038211418,False,0,True,False,False,False,False
11.22,8.11676597595215,13.7176113128662,15.1195201873779,13.9174222946167,13.0419778823853,33.0533409118652,14.9024457931519,,False,0,5.506382860512,False,0.0500000007450581,True,False,False,False,False
11.24,8.18285655975342,13.5942649841309,15.1086292266846,13.8422508239746,13.0587873458862,33.524341583252,14.8379545211792,,False,0,5.51054755264228,False,0.0500000007450581,True,False,False,False,False
11.26,8.24657344818115,13.4377889633179,15.1432838439941,13.8072385787964,13.0424709320068,34.5951309204102,14.7380828857422,,False,0,5.51482581166336,False,0.125,True,False,False,False,False
11.28,8.11878871917725,13.2317733764648,15.260422706604,13.8440818786621,12.9753522872925,36.8353729248047,14.5854749679565,,False,0,5.51901676375462,False,0.25,True,False,False,False,False
11.3,7.67244100570679,13.0627965927124,15.33873462677,13.842095375061,12.9416065216064,38.614070892334,14.4751806259155,,False,0,5.52279709688164,False,0.174999997019768,True,False,False,False,False
11.32,7.40483093261719,12.8802452087402,15.4588432312012,13.8741817474365,12.8916749954224,41.1320457458496,14.3513946533203,,False,0,5.52635119256148,False,0.225000008940697,True,False,False,False,False
11.34,7.00686979293823,12.75426197052,15.4789123535156,13.8139276504517,12.8964385986328,41.5504531860352,14.2915363311768,,False,0,5.52956469651231,False,0.0750000029802322,True,False,False,False,False
11.36,6.97149515151978,12.6291332244873,15.5005035400391,13.7536344528198,12.9010772705078,41.5682983398438,14.2331848144531,,False,0,5.53276793212438,False,0.0750000029802322,True,False,False,False,False
11.38,6.93278980255127,12.5291318893433,15.4679870605469,13.6447286605835,12.9309358596802,41.6683006286621,14.2033262252808,,False,0,5.53595442887554,False,0,True,False,False,False,False
11.4,7.07625341415405,12.4210233688354,15.4538593292236,13.551775932312,12.9522552490234,41.7412528991699,14.1644039154053,,False,0,5.53928785589736,False,0.025000000372529,True,False,False,False,False
11.42,7.15782642364502,12.2818593978882,15.5150709152222,13.5233392715454,12.9401779174805,41.7091789245605,14.0907487869263,,False,0,5.54271153224806,False,0.125,True,False,False,False,False
11.44,6.99047708511353,12.10231590271,15.6997728347778,13.5984687805176,12.8829660415649,41.5381202697754,13.9724321365356,,False,0,5.54599203771919,False,0.275000005960464,True,False,False,False,False
11.46,6.44897747039795,11.9015731811523,16.0120048522949,13.7770757675171,12.7989940643311,41.2911682128906,13.8322629928589,,False,0,5.54880907629133,False,0.400000005960464,True,False,False,False,False
11.48,5.59577989578247,11.7576150894165,16.1698131561279,13.816743850708,12.7726335525513,41.2381553649902,13.7600088119507,,False,0,5.55094977346263,False,0.200000002980232,True,False,False,False,False
11.5,5.21668672561646,11.6372766494751,16.2409496307373,13.779203414917,12.7702655792236,41.2665786743164,13.7163610458374,,False,0,5.55281954460676,False,0.100000001490116,True,False,False,False,False
11.52,5.07180500030518,11.5088062286377,16.3647537231445,13.7834634780884,12.75754737854,41.2652969360352,13.664116859436,,False,0,5.55458923285221,False,0.150000005960464,True,False,False,False,False
11.54,4.80252456665039,11.4043064117432,16.368070602417,13.6844120025635,12.770486831665,41.3491096496582,13.6408205032349,,False,0,5.55618076747666,False,0.025000000372529,True,False,False,False,False
11.56,4.8280782699585,11.2999048233032,16.3717308044434,13.5850744247437,12.7832660675049,41.4330940246582,13.6178188323975,,False,0,5.5577888107494,False,0.025000000372529,True,False,False,False,False
11.58,4.85254669189453,11.1999053955078,16.3505325317383,13.4648523330688,12.8008985519409,41.5330924987793,13.6001863479614,,False,0,5.55941130746555,False,0,True,False,False,False,False
11.6,4.93614768981934,11.0999059677124,16.3293342590332,13.344630241394,12.818531036377,41.6330909729004,13.5825548171997,,False,0,5.56108666390381,False,0,True,False,False,False,False
11.62,5.01977586746216,10.999906539917,16.3081359863281,13.2244081497192,12.8361625671387,41.7330894470215,13.5649223327637,,False,0,5.56281483230478,False,0,True,False,False,False,False
11.64,5.10342454910278,10.8999061584473,16.286937713623,13.1041860580444,12.8537950515747,41.8330917358398,13.5472898483276,,False,0,5.56459576346388,False,0,True,False,False,False,False
11.66,5.18709754943848,10.7999067306519,16.265739440918,12.9839639663696,12.8714275360107,41.9330902099609,13.5296573638916,,False,0,5.56642940673807,False,0,True,False,False,False,False
11.68,5.27079486846924,10.6999073028564,16.2445411682129,12.8637418746948,12.8890600204468,42.033088684082,13.5120248794556,,False,0,5.56831571005314,False,0,True,False,False,False,False
11.7,5.35451412200928,10.599907875061,16.2233486175537,12.7435188293457,12.9066925048828,42.1330871582031,13.4943923950195,,False,0,5.57025461991098,False,0,True,False,False,False,False
11.72,5.43825721740723,10.4999084472656,16.2021503448486,12.6232967376709,12.9243249893188,42.2330894470215,13.4767599105835,,False,0,5.57224608139688,False,0,True,False,False,False,False
11.74,5.52202177047729,10.3999080657959,16.1809520721436,12.5030746459961,12.9419555664063,42.3330879211426,13.4591274261475,,False,0,5.57429003818733,False,0,True,False,False,False,False
11.76,5.60580825805664,10.2999086380005,16.1597537994385,12.3828525543213,12.9595880508423,42.4330863952637,13.4414958953857,,False,0,5.57638643255781,False,0,True,False,False,False,False
11.78,5.68961668014526,10.1999092102051,16.1385555267334,12.2626304626465,12.9772205352783,42.5330848693848,13.4238634109497,,False,0,5.5785352053907,False,0,True,False,False,False,False
11.8,5.77344655990601,10.0999097824097,16.1173572540283,12.1424083709717,12.99485206604,42.6330871582031,13.4062309265137,,False,0,5.58073629618356,False,0,True,False,False,False,False
11.82,5.85729503631592,9.99991035461426,16.0961589813232,12.0221853256226,13.0124845504761,42.7330856323242,13.3885984420776,,False,0,5.58298964305739,False,0,True,False,False,False,False
11.84,5.94116640090942,9.89991092681885,16.0749607086182,11.9019565582275,13.0301170349121,42.8330841064453,13.3709659576416,,False,0,5.58529518276519,False,0,True,False,False,False,False
11.86,6.02505683898926,9.79991149902344,16.0537624359131,11.7817344665527,13.0477495193481,42.9330825805664,13.3533334732056,,False,0,5.58765285070059,False,0,True,False,False,False,False
11.88,6.10896635055542,9.69991207122803,16.032564163208,11.6615123748779,13.0653820037842,43.0330848693848,13.3357009887695,,False,0,5.59006258090669,False,0,True,False,False,False,False
11.9,6.19289636611938,9.59991264343262,16.0113658905029,11.5412902832031,13.0830144882202,43.1330833435059,13.3180685043335,,False,0,5.59252430608508,False,0,True,False,False,False,False
11.92,6.27684545516968,9.49991321563721,15.9901685714722,11.4210681915283,13.1006469726563,43.233081817627,13.3004360198975,,False,0,5.59503795760494,False,0,True,False,False,False,False
11.94,6.36081218719482,9.39991474151611,15.9689702987671,11.3008451461792,13.118278503418,43.333080291748,13.2828044891357,,False,0,5.59760346551237,False,0,True,False,False,False,False
11.96,6.44479990005493,9.2999153137207,15.947772026062,11.1806230545044,13.135910987854,43.4330825805664,13.265172958374,,False,0,5.60022075853984,False,0,True,False,False,False,False
11.98,6.52880477905273,9.19991588592529,15.7958679199219,11.0604009628296,13.1535425186157,43.5330810546875,13.247540473938,,False,0,5.60288976411579,False,0,True,False,False,False,False
12,6.61282539367676,9.09641170501709,15.5756320953369,10.9569110870361,13.1660099029541,43.6164321899414,13.2249822616577,,False,0,5.60561040837434,False,0.025000000372529,True,False,False,False,False
12.02,6.63533401489258,8.98961925506592,15.3095045089722,10.8698654174805,13.1732759475708,43.6837158203125,13.1979370117188,,False,0,5.60832859113736,False,0.0500000007450581,True,False,False,False,False
12.04,6.59521770477295,8.88307857513428,15.0467882156372,10.7823905944824,13.1803398132324,43.7518119812012,13.1716260910034,,False,0,5.61099121987098,False,0.0500000007450581,True,False,False,False,False
12.06,6.55295562744141,8.76768684387207,14.6549825668335,10.7454929351807,13.1732501983643,43.7757034301758,13.1329030990601,,False,0,5.61359451575619,False,0.125,True,False,False,False,False
12.08,6.32459831237793,8.66190338134766,14.4021863937378,10.6570711135864,13.1796531677246,43.8467216491699,13.1090955734253,,False,0,5.61598230703261,False,0.0500000007450581,True,False,False,False,False
12.1,6.27508354187012,8.55098533630371,14.0703649520874,10.6027946472168,13.1773834228516,43.891242980957,13.0781230926514,,False,0,5.61830780195547,False,0.100000001490116,True,False,False,False,False
12.12,6.10122203826904,8.44839286804199,13.8656711578369,10.4960527420044,13.1872968673706,43.9778861999512,13.0602235794067,,False,0,5.6204685403287,False,0.025000000372529,True,False,False,False,False
12.14,6.10655784606934,8.33855724334717,13.5457639694214,10.4410753250122,13.1851854324341,44.0265045166016,13.0316886901855,,False,0,5.62261229610865,False,0.100000001490116,True,False,False,False,False
12.16,5.92779779434204,8.22732543945313,13.1971702575684,10.4038228988647,13.1796474456787,44.0670204162598,13.0018196105957,,False,0,5.62458965310193,False,0.125,True,False,False,False,False
12.18,5.68448495864868,8.12317180633545,12.965069770813,10.312894821167,13.184534072876,44.1446762084961,12.9836683273315,,False,0,5.62635910870611,False,0.0500000007450581,True,False,False,False,False
12.2,5.61859273910522,8.02317142486572,12.8054637908936,10.1859378814697,13.1959285736084,44.2446746826172,12.9722728729248,,False,0,5.62806071211789,False,0,True,False,False,False,False
12.22,5.67203330993652,7.923171043396,12.6458578109741,10.0589818954468,13.2073240280151,44.3446769714355,12.9608774185181,,False,0,5.6297838077885,False,0,True,False,False,False,False
12.24,5.7254753112793,7.82317066192627,12.4862508773804,9.93202495574951,13.2187194824219,44.4446754455566,12.9494819641113,,False,0,5.6315283759898,False,0,True,False,False,False,False
12.26,5.77891969680786,7.72317028045654,12.3266439437866,9.80506801605225,13.2301149368286,44.544677734375,12.9380874633789,,False,0,5.63329439677238,False,0,True,False,False,False,False
12.28,5.83236598968506,7.62316989898682,12.1670370101929,9.67811107635498,13.2415103912354,44.6446762084961,12.9266920089722,,False,0,5.63508184996668,False,0,True,False,False,False,False
12.3,5.88581371307373,7.52316951751709,12.0074300765991,9.5511531829834,13.2529029846191,44.7446784973145,12.9152975082397,,False,0,5.6368907151841,False,0,True,False,False,False,False
12.32,5.93926429748535,7.42316913604736,11.8478240966797,9.42419624328613,13.2642984390259,44.8446769714355,12.903902053833,,False,0,5.63872097181812,False,0,True,False,False,False,False
12.34,5.99271631240845,7.32316875457764,11.6882171630859,9.29723930358887,13.2756938934326,44.9446792602539,12.8925065994263,,False,0,5.64057259904544,False,0,True,False,False,False,False
12.36,6.04616928100586,7.22316837310791,11.5286102294922,9.17028045654297,13.2870893478394,45.0446815490723,12.8811130523682,,False,0,5.64244557582713,False,0,True,False,False,False,False
12.38,6.09962320327759,7.12316799163818,11.3690032958984,9.04332542419434,13.2984848022461,45.1446800231934,12.8697175979614,,False,0,5.64433988090972,False,0,True,False,False,False,False
12.4,6.15307998657227,7.02142000198364,11.178731918335,8.93186283111572,13.3064737319946,45.2335662841797,12.8552885055542,,False,0,5.64625549282645,False,0.025000000372529,True,False,False,False,False
12.42,6.14541387557983,6.91973161697388,10.9895143508911,8.82002639770508,13.3142995834351,45.3226432800293,12.8411493301392,,False,0,5.64814400994786,False,0.025000000372529,True,False,False,False,False
12.44,6.13669443130493,6.81809854507446,10.8013315200806,8.70780754089355,13.3219699859619,45.4119186401367,12.8272924423218,,False,0,5.65000086388924,False,0.025000000372529,True,False,False,False,False
12.46,6.12690544128418,6.71652173995972,10.6141796112061,8.59520053863525,13.329478263855,45.501392364502,12.8137264251709,,False,0,5.65182818876984,False,0.025000000372529,True,False,False,False,False
12.48,6.11604738235474,6.61652088165283,10.4561471939087,8.46722888946533,13.3399877548218,45.6013946533203,12.8032169342041,,False,0,5.65362479901938,False,0,True,False,False,False,False
12.5,6.16519498825073,6.51652002334595,10.2981147766113,8.33926010131836,13.3504972457886,45.7013969421387,12.7927083969116,,False,0,5.65543897746507,False,0,True,False,False,False,False
12.52,6.21434164047241,6.41652011871338,10.140082359314,8.21128845214844,13.3610076904297,45.8013954162598,12.7821989059448,,False,0,5.65727117069546,False,0,True,False,False,False,False
12.54,6.26350831985474,6.31651926040649,9.98205089569092,8.08331489562988,13.3715171813965,45.9013977050781,12.7716884613037,,False,0,5.65912185217094,False,0,True,False,False,False,False
12.56,6.31267213821411,6.21651840209961,9.82401847839355,7.9553427696228,13.3820276260376,46.0013961791992,12.7611789703369,,False,0,5.6609905267699,False,0,True,False,False,False,False
12.58,6.36182117462158,6.11651706695557,9.66598606109619,7.82737064361572,13.3925371170044,46.1013984680176,12.7506694793701,,False,0,5.66287667224316,False,0,True,False,False,False,False
12.6,6.41096973419189,6.01651620864868,9.50795364379883,7.69939851760864,13.4030466079712,46.2014007568359,12.740159034729,,False,0,5.66478076160935,False,0,True,False,False,False,False
12.62,6.46013641357422,5.9165153503418,9.34992218017578,7.57142639160156,13.413553237915,46.301399230957,12.7296495437622,,False,0,5.66670329466641,False,0,True,False,False,False,False
12.64,6.54976749420166,5.81651449203491,9.19188976287842,7.44345426559448,13.4240627288818,46.4014015197754,12.7191400527954,,False,0,5.60956986014848,False,0,True,False,False,False,False
12.66,6.66441822052002,5.71651363372803,9.03385734558105,7.3154821395874,13.4345722198486,46.5013999938965,12.7086296081543,,False,0,5.52054670140612,False,0,True,False,False,False,False
12.68,6.78788900375366,5.61651277542114,8.87582492828369,7.18751001358032,13.4450826644897,46.6014022827148,12.6981201171875,,False,0,5.42523343229025,False,0,True,False,False,False,False
12.7,6.91703414916992,5.51651191711426,8.71779346466064,7.05953788757324,13.4555921554565,46.7014045715332,12.6876096725464,,False,0,5.32875325569671,False,0,True,False,False,False,False
12.72,7.05141162872314,5.41651153564453,8.55976104736328,6.93156576156616,13.4661016464233,46.8014030456543,12.6771001815796,,False,0,5.23213988128792,False,0,True,False,False,False,False
12.74,7.19117259979248,5.31651067733765,8.40172863006592,6.80359363555908,13.4766120910645,46.9014053344727,12.6665906906128,,False,0,5.13560391107195,False,0,True,False,False,False,False
12.76,7.33661031723022,5.21650981903076,8.24369621276855,6.675621509552,13.4871215820313,47.0014038085938,12.6560802459717,,False,0,5.03918658005803,False,0,True,False,False,False,False
12.78,7.48806810379028,5.11650896072388,8.08566379547119,6.54764938354492,13.4976320266724,47.1014060974121,12.6455717086792,,False,0,4.94291078269448,False,0,True,False,False,False,False
12.8,7.64594078063965,5.01650810241699,7.92763042449951,6.41967725753784,13.5081415176392,47.2014083862305,12.6350622177124,,False,0,4.84678563127523,False,0,True,False,False,False,False
12.82,7.81062269210815,4.91650724411011,7.76959848403931,6.29170513153076,13.518651008606,47.3014068603516,12.6245517730713,,False,0,4.75081959472216,False,0,True,False,False,False,False
12.84,7.98255825042725,4.81650638580322,7.61156606674194,6.16373300552368,13.5291614532471,47.4014091491699,12.6140422821045,,False,0,4.65502251378668,False,0,True,False,False,False,False
12.86,8.16223907470703,4.7165060043335,7.45353412628174,6.0357608795166,13.5396709442139,47.5014114379883,12.6035318374634,,False,0,4.55940503819501,False,0,True,False,False,False,False
12.88,8.35019588470459,4.61759424209595,7.31525659561157,5.89740896224976,13.5534553527832,47.6124305725098,12.5958032608032,,False,0,4.46397870928679,False,-0.025000000372529,True,False,False,False,False
12.9,8.61075305938721,4.5175929069519,7.15683364868164,5.76969146728516,13.5641860961914,47.7124290466309,12.585072517395,,False,0,4.36882466832795,False,0,True,False,False,False,False
12.92,8.8187313079834,4.41759204864502,6.99841070175171,5.64197444915771,13.5749177932739,47.8124313354492,12.5743417739868,,False,0,4.27389097071986,False,0,True,False,False,False,False
12.94,9.03697967529297,4.31759119033813,6.83998775482178,5.51426076889038,13.5856485366821,47.9124298095703,12.5636100769043,,False,0,4.17919635053604,False,0,True,False,False,False,False
12.96,9.26628303527832,4.21759033203125,6.68156480789185,5.38654375076294,13.5963792800903,48.0124320983887,12.5528793334961,,False,0,4.08474973376938,False,0,True,False,False,False,False
12.98,9.50748443603516,4.11758947372437,6.52314186096191,5.25882625579834,13.6071100234985,48.112434387207,12.5421485900879,,False,0,3.99057271831002,False,0,True,False,False,False,False
13,9.76155757904053,4.01758861541748,6.3647198677063,5.1311092376709,13.6178407669067,48.2124328613281,12.5314178466797,,False,0,3.89668579683692,False,0,True,False,False,False,False
13.02,10.0295219421387,3.9175877571106,6.20629692077637,5.0033917427063,13.6285724639893,48.3124351501465,12.5206861495972,,False,0,3.80310950665809,False,0,True,False,False,False,False
13.04,10.3125286102295,3.81758666038513,6.04787397384644,4.87567472457886,13.6393032073975,48.4124374389648,12.509955406189,,False,0,3.70986735358355,False,0,True,False,False,False,False
13.06,10.611870765686,3.71758580207825,5.8894510269165,4.74795722961426,13.6500339508057,48.5124359130859,12.4992246627808,,False,0,3.61698517883931,False,0,True,False,False,False,False
13.08,10.9289875030518,3.62721467018127,5.74628210067749,4.63253879547119,13.6597328186035,48.6028099060059,12.4895257949829,,False,0,3.5244914424486,False,0,False,False,False,False,False
13.1,11.2320756912231,3.54198861122131,5.61126327514648,4.52369117736816,13.6688795089722,48.6880340576172,12.4803791046143,,False,0,3.44126083295433,False,0,False,False,False,False,False
13.12,11.5334968566895,3.46146607398987,5.48369836807251,4.42085075378418,13.6775197982788,48.7685585021973,12.4717388153076,,False,0,3.36310192628907,False,0,False,False,False,False,False
13.14,11.8332939147949,3.38582348823547,5.36386442184448,4.32424306869507,13.6856374740601,48.8442001342773,12.4636211395264,,False,0,3.28957437406933,False,0,False,False,False,False,False
13.16,12.1292533874512,3.31531453132629,5.25216293334961,4.23419189453125,13.6932039260864,48.9147071838379,12.4560556411743,,False,0,3.22080375604269,False,0,False,False,False,False,False
13.18,12.4185028076172,3.25491118431091,5.15647125244141,4.15704679489136,13.6996831893921,48.9751129150391,12.4495754241943,,False,0,3.15697757070372,False,0,False,False,False,False,False
13.2,12.67711353302,3.19940328598022,5.06853485107422,4.08615446090698,13.705641746521,49.0306205749512,12.4436168670654,,False,0,3.10251880632442,False,0,False,False,False,False,False
13.22,12.9242706298828,3.14947366714478,4.98943567276001,4.02238655090332,13.7110013961792,49.0805511474609,12.4382572174072,,False,0,3.05266739719533,False,0,False,False,False,False,False
13.24,13.1546974182129,3.10413241386414,4.91760587692261,3.96447801589966,13.7158660888672,49.1258888244629,12.4333925247192,,False,0,3.0079880281895,False,0,False,False,False,False,False
13.26,13.3709239959717,3.06362175941467,4.85342884063721,3.91273951530457,13.7202129364014,49.1664009094238,12.4290456771851,,False,0,2.96755214394836,False,0,False,False,False,False,False
13.28,13.5699462890625,3.03319358825684,4.80522441864014,3.87387800216675,13.7234783172607,49.1968307495117,12.4257802963257,,False,0,2.93153769455694,False,0,False,False,False,False,False
13.3,13.7228679656982,3.00768399238586,4.76481151580811,3.84129810333252,13.7262172698975,49.222339630127,12.423041343689,,False,0,2.90454704143263,False,0,False,False,False,False,False
13.32,13.8534450531006,2.98730421066284,4.73252534866333,3.81526947021484,13.728404045105,49.2427177429199,12.4208545684814,,False,0,2.8819611986802,False,0,False,False,False,False,False
13.34,13.9591827392578,2.97175431251526,4.70789098739624,3.79540991783142,13.7300729751587,49.2582664489746,12.4191856384277,,False,0,2.86393863654462,False,0,False,False,False,False,False
13.36,14.0404996871948,2.96127653121948,4.69129180908203,3.78202819824219,13.7311973571777,49.2687454223633,12.4180612564087,,False,0,2.85019242504395,False,0,False,False,False,False,False
13.38,14.0952043533325,2.96127653121948,4.69129180908203,3.78202819824219,13.7311973571777,49.2687454223633,12.4180612564087,,False,0,2.84091732357169,False,0,False,False,False,False,False
13.4,14.0932874679565,2.96127653121948,4.69129180908203,3.78202819824219,13.7311973571777,49.2687454223633,12.4180612564087,,False,0,2.84084738715213,False,0,False,False,False,False,False
13.42,14.0913648605347,2.96127653121948,4.69129180908203,3.78202819824219,13.7311973571777,49.2687454223633,12.4180612564087,,False,0,2.84077746081309,False,0,False,False,False,False,False
13.44,14.0894861221313,2.96127653121948,4.69129180908203,3.78202819824219,13.7311973571777,49.2687454223633,12.4180612564087,,False,0,2.84070900104119,False,0,False,False,False,False,False
13.46,14.0876054763794,2.96127653121948,4.69129180908203,3.78202819824219,13.7311973571777,49.2687454223633,12.4180612564087,,False,0,2.84064055093652,False,0,False,False,False,False,False
13.48,14.085729598999,2.96127653121948,4.69129180908203,3.78202819824219,13.7311973571777,49.2687454223633,12.4180612564087,,False,0,2.84057211050267,False,0,False,False,False,False,False
13.5,14.0838489532471,2.96127653121948,4.69129180908203,3.78202819824219,13.7311973571777,49.2687454223633,12.4180612564087,,False,0,2.84050367973465,False,0,False,False,False,False,False
13.52,14.0819711685181,2.96127653121948,4.69129180908203,3.78202819824219,13.7311973571777,49.2687454223633,12.4180612564087,,False,0,2.84043525863208,False,0,False,False,False,False,False
13.54,14.0800914764404,2.96127653121948,4.69129180908203,3.78202819824219,13.7311973571777,49.2687454223633,12.4180612564087,,False,0,2.84036684719859,False,0,False,False,False,False,False
13.56,14.078254699707,2.96127653121948,4.69129180908203,3.78202819824219,13.7311973571777,49.2687454223633,12.4180612564087,,False,0,2.84029990069087,False,0,False,False,False,False,False
13.58,14.0764141082764,2.96127653121948,4.69129180908203,3.78202819824219,13.7311973571777,49.2687454223633,12.4180612564087,,False,0,2.84023296344549,False,0,False,False,False,False,False
13.6,14.0745735168457,2.96127653121948,4.69129180908203,3.78202819824219,13.7311973571777,49.2687454223633,12.4180612564087,,False,0,2.84016603546607,False,0,False,False,False,False,False
13.62,14.072732925415,2.96127653121948,4.69129180908203,3.78202819824219,13.7311973571777,49.2687454223633,12.4180612564087,,False,0,2.84009911675228,False,0,False,False,False,False,False
13.64,14.0708990097046,2.96127653121948,4.69129180908203,3.78202819824219,13.7311973571777,49.2687454223633,12.4180612564087,,False,0,2.84003220730583,False,0,False,False,False,False,False
13.66,14.0690565109253,2.96127653121948,4.69129180908203,3.78202819824219,13.7311973571777,49.2687454223633,12.4180612564087,,False,0,2.83996530712542,False,0,False,False,False,False,False
13.68,14.0672607421875,2.96127653121948,4.69129180908203,3.78202819824219,13.7311973571777,49.2687454223633,12.4180612564087,,False,0,2.83989987025935,False,0,False,False,False,False,False
13.7,14.0654592514038,2.96127653121948,4.69129180908203,3.78202819824219,13.7311973571777,49.2687454223633,12.4180612564087,,False,0,2.83983444226199,False,0,False,False,False,False,False
13.72,14.0636606216431,2.96127653121948,4.69129180908203,3.78202819824219,13.7311973571777,49.2687454223633,12.4180612564087,,False,0,2.83976902313394,False,0,False,False,False,False,False
13.74,14.061861038208,2.96127653121948,4.69129180908203,3.78202819824219,13.7311973571777,49.2687454223633,12.4180612564087,,False,0,2.83970361287582,False,0,False,False,False,False,False
13.76,14.0600624084473,2.96127653121948,4.69129180908203,3.78202819824219,13.7311973571777,49.2687454223633,12.4180612564087,,False,0,2.83963821148824,False,0,False,False,False,False,False
13.78,14.0582675933838,2.96127653121948,4.69129180908203,3.78202819824219,13.7311973571777,49.2687454223633,12.4180612564087,,False,0,2.83957281897286,False,0,False,False,False,False,False
13.8,14.05650806427,2.96127653121948,4.69129180908203,3.78202819824219,13.7311973571777,49.2687454223633,12.4180612564087,,False,0,2.83950888820803,False,0,False,False,False,False,False
13.82,14.0547456741333,2.96127653121948,4.69129180908203,3.78202819824219,13.7311973571777,49.2687454223633,12.4180612564087,,False,0,2.83944496592251,False,0,False,False,False,False,False
13.84,14.0529890060425,2.96127653121948,4.69129180908203,3.78202819824219,13.7311973571777,49.2687454223633,12.4180612564087,,False,0,2.83938105212004,False,0,False,False,False,False,False
13.86,14.0512285232544,2.96127653121948,4.69129180908203,3.78202819824219,13.7311973571777,49.2687454223633,12.4180612564087,,False,0,2.8393171468023,False,0,False,False,False,False,False
13.88,14.0494709014893,2.96127653121948,4.69129180908203,3.78202819824219,13.7311973571777,49.2687454223633,12.4180612564087,,False,0,2.83925324996764,False,0,False,False,False,False,False
13.9,14.0477085113525,2.96127653121948,4.69129180908203,3.78202819824219,13.7311973571777,49.2687454223633,12.4180612564087,,False,0,2.83918936161658,False,0,False,False,False,False,False
13.92,14.0459518432617,2.96127653121948,4.69129180908203,3.78202819824219,13.7311973571777,49.2687454223633,12.4180612564087,,False,0,2.83912548175199,False,0,False,False,False,False,False
13.94,14.0442342758179,2.96127653121948,4.69129180908203,3.78202819824219,13.7311973571777,49.2687454223633,12.4180612564087,,False,0,2.83906306189903,False,0,False,False,False,False,False
13.96,14.0425157546997,2.96127653121948,4.69129180908203,3.78202819824219,13.7311973571777,49.2687454223633,12.4180612564087,,False,0,2.83900065015231,False,0,False,False,False,False,False
13.98,14.0407934188843,2.96127653121948,4.69129180908203,3.78202819824219,13.7311973571777,49.2687454223633,12.4180612564087,,False,0,2.8389382465112,False,0,False,False,False,False,False
14,14.0390748977661,2.96127653121948,4.69129180908203,3.78202819824219,13.7311973571777,49.2687454223633,12.4180612564087,,False,0,2.83887585097385,False,0,False,False,False,False,False
14.02,14.0373554229736,2.96127653121948,4.69129180908203,3.78202819824219,13.7311973571777,49.2687454223633,12.4180612564087,,False,0,2.83881346354316,False,0,False,False,False,False,False
14.04,14.0356378555298,2.96127653121948,4.69129180908203,3.78202819824219,13.7311973571777,49.2687454223633,12.4180612564087,,False,0,2.83875108422084,False,0,False,False,False,False,False
14.06,14.0339584350586,2.96127653121948,4.69129180908203,3.78202819824219,13.7311973571777,49.2687454223633,12.4180612564087,,False,0,2.83869016340756,False,0,False,False,False,False,False
14.08,14.0322780609131,2.96127653121948,4.69129180908203,3.78202819824219,13.7311973571777,49.2687454223633,12.4180612564087,,False,0,2.8386292503274,False,0,False,False,False,False,False
14.1,14.0305986404419,2.96127653121948,4.69129180908203,3.78202819824219,13.7311973571777,49.2687454223633,12.4180612564087,,False,0,2.83856834498563,False,0,False,False,False,False,False
14.12,14.028923034668,2.96127653121948,4.69129180908203,3.78202819824219,13.7311973571777,49.2687454223633,12.4180612564087,,False,0,2.83850744737797,False,0,False,False,False,False,False
14.14,14.0272397994995,2.96127653121948,4.69129180908203,3.78202819824219,13.7311973571777,49.2687454223633,12.4180612564087,,False,0,2.83844655750971,False,0,False,False,False,False,False
14.16,14.0255641937256,2.96127653121948,4.69129180908203,3.78202819824219,13.7311973571777,49.2687454223633,12.4180612564087,,False,0,2.83838567537774,False,0,False,False,False,False,False
14.18,14.0238819122314,2.96127653121948,4.69129180908203,3.78202819824219,13.7311973571777,49.2687454223633,12.4180612564087,,False,0,2.83832480098377,False,0,False,False,False,False,False
14.2,14.0222454071045,2.96127653121948,4.69129180908203,3.78202819824219,13.7311973571777,49.2687454223633,12.4180612564087,,False,0,2.83826538344444,False,0,False,False,False,False,False
14.22,14.020604133606,2.96127653121948,4.69129180908203,3.78202819824219,13.7311973571777,49.2687454223633,12.4180612564087,,False,0,2.83820597327996,False,0,False,False,False,False,False
14.24,14.018967628479,2.96127653121948,4.69129180908203,3.78202819824219,13.7311973571777,49.2687454223633,12.4180612564087,,False,0,2.83814657049078,False,0,False,False,False,False,False
14.26,14.0173273086548,2.96127653121948,4.69129180908203,3.78202819824219,13.7311973571777,49.2687454223633,12.4180612564087,,False,0,2.83808717507737,False,0,False,False,False,False,False
14.28,14.0156879425049,2.96127653121948,4.69129180908203,3.78202819824219,13.7311973571777,49.2687454223633,12.4180612564087,,False,0,2.8380277870402,False,0,False,False,False,False,False
14.3,14.0140495300293,2.96127653121948,4.69129180908203,3.78202819824219,13.7311973571777,49.2687454223633,12.4180612564087,,False,0,2.83796840637972,False,0,False,False,False,False,False
14.32,14.012451171875,2.96127653121948,4.69129180908203,3.78202819824219,13.7311973571777,49.2687454223633,12.4180612564087,,False,0,2.83791048113749,False,0,False,False,False,False,False
14.34,14.010853767395,2.96127653121948,4.69129180908203,3.78202819824219,13.7311973571777,49.2687454223633,12.4180612564087,,False,0,2.83785256291737,False,0,False,False,False,False,False
14.36,14.0092496871948,2.96127653121948,4.69129180908203,3.78202819824219,13.7311973571777,49.2687454223633,12.4180612564087,,False,0,2.8377946517222,False,0,False,False,False,False,False
14.38,14.0076532363892,2.96127653121948,4.69129180908203,3.78202819824219,13.7311973571777,49.2687454223633,12.4180612564087,,False,0,2.83773674755003,False,0,False,False,False,False,False
14.4,14.0060529708862,2.96127653121948,4.69129180908203,3.78202819824219,13.7311973571777,49.2687454223633,12.4180612564087,,False,0,2.83767885039884,False,0,False,False,False,False,False
14.42,14.004451751709,2.96127653121948,4.69129180908203,3.78202819824219,13.7311973571777,49.2687454223633,12.4180612564087,,False,0,2.83762096027149,False,0,False,False,False,False,False
14.44,14.002854347229,2.96127653121948,4.69129180908203,3.78202819824219,13.7311973571777,49.2687454223633,12.4180612564087,,False,0,2.83756307716841,False,0,False,False,False,False,False
14.46,14.001293182373,2.96127653121948,4.69129180908203,3.78202819824219,13.7311973571777,49.2687454223633,12.4180612564087,,False,0,2.83750664790153,False,0,False,False,False,False,False
14.48,13.999737739563,2.96127653121948,4.69129180908203,3.78202819824219,13.7311973571777,49.2687454223633,12.4180612564087,,False,0,2.83745022531893,False,0,False,False,False,False,False
14.5,13.998176574707,2.96127653121948,4.69129180908203,3.78202819824219,13.7311973571777,49.2687454223633,12.4180612564087,,False,0,2.83739380941378,False,0,False,False,False,False,False
14.52,13.9966201782227,2.96127653121948,4.69129180908203,3.78202819824219,13.7311973571777,49.2687454223633,12.4180612564087,,False,0,2.83733740018768,False,0,False,False,False,False,False
14.54,13.9950590133667,2.96127653121948,4.69129180908203,3.78202819824219,13.7311973571777,49.2687454223633,12.4180612564087,,False,0,2.83728099764102,False,0,False,False,False,False,False
14.56,13.9934988021851,2.96127653121948,4.69129180908203,3.78202819824219,13.7311973571777,49.2687454223633,12.4180612564087,,False,0,2.83722460177421,False,0,False,False,False,False,False
14.58,13.9919404983521,2.96127653121948,4.69129180908203,3.78202819824219,13.7311973571777,49.2687454223633,12.4180612564087,,False,0,2.83716821258763,False,0,False,False,False,False,False
14.6,13.9904222488403,2.96127653121948,4.69129180908203,3.78202819824219,13.7311973571777,49.2687454223633,12.4180612564087,,False,0,2.83711327570353,False,0,False,False,False,False,False
14.62,13.9889030456543,2.96127653121948,4.69129180908203,3.78202819824219,13.7311973571777,49.2687454223633,12.4180612564087,,False,0,2.83705834516342,False,0,False,False,False,False,False
14.64,13.9873819351196,2.96127653121948,4.69129180908203,3.78202819824219,13.7311973571777,49.2687454223633,12.4180612564087,,False,0,2.83700342096409,False,0,False,False,False,False,False
14.66,13.9858655929565,2.96127653121948,4.69129180908203,3.78202819824219,13.7311973571777,49.2687454223633,12.4180612564087,,False,0,2.8369485031107,False,0,False,False,False,False,False
14.68,13.9843444824219,2.96127653121948,4.69129180908203,3.78202819824219,13.7311973571777,49.2687454223633,12.4180612564087,,False,0,2.83689359159881,False,0,False,False,False,False,False
14.7,13.9828271865845,2.96127653121948,4.69129180908203,3.78202819824219,13.7311973571777,49.2687454223633,12.4180612564087,,False,0,2.83683868643361,False,0,False,False,False,False,False
14.72,13.9813070297241,2.96127653121948,4.69129180908203,3.78202819824219,13.7311973571777,49.2687454223633,12.4180612564087,,False,0,2.83678378761065,False,0,False,False,False,False,False
14.74,13.9798269271851,2.96127653121948,4.69129180908203,3.78202819824219,13.7311973571777,49.2687454223633,12.4180612564087,,False,0,2.83673033959267,False,0,False,False,False,False,False
14.76,13.9783496856689,2.96127653121948,4.69129180908203,3.78202819824219,13.7311973571777,49.2687454223633,12.4180612564087,,False,0,2.83667689759539,False,0,False,False,False,False,False
14.78,13.9768667221069,2.96127653121948,4.69129180908203,3.78202819824219,13.7311973571777,49.2687454223633,12.4180612564087,,False,0,2.8366234616057,False,0,False,False,False,False,False
14.8,13.9753904342651,2.96127653121948,4.69129180908203,3.78202819824219,13.7311973571777,49.2687454223633,12.4180612564087,,False,0,2.83657003163251,False,0,False,False,False,False,False
14.82,13.9739112854004,2.96127653121948,4.69129180908203,3.78202819824219,13.7311973571777,49.2687454223633,12.4180612564087,,False,0,2.83651660767979,False,0,False,False,False,False,False
14.84,13.9724321365356,2.96127653121948,4.69129180908203,3.78202819824219,13.7311973571777,49.2687454223633,12.4180612564087,,False,0,2.8364631897418,False,0,False,False,False,False,False
14.86,13.9709520339966,2.96127653121948,4.69129180908203,3.78202819824219,13.7311973571777,49.2687454223633,12.4180612564087,,False,0,2.83640977782989,False,0,False,False,False,False,False
14.88,13.9694700241089,2.96127653121948,4.69129180908203,3.78202819824219,13.7311973571777,49.2687454223633,12.4180612564087,,False,0,2.83635637193094,False,0,False,False,False,False,False
14.9,13.9680328369141,2.96127653121948,4.69129180908203,3.78202819824219,13.7311973571777,49.2687454223633,12.4180612564087,,False,0,2.83630441521116,False,0,False,False,False,False,False
14.92,13.9665975570679,2.96127653121948,4.69129180908203,3.78202819824219,13.7311973571777,49.2687454223633,12.4180612564087,,False,0,2.83625246418644,False,0,False,False,False,False,False
14.94,13.9651527404785,2.96127653121948,4.69129180908203,3.78202819824219,13.7311973571777,49.2687454223633,12.4180612564087,,False,0,2.83620051885962,False,0,False,False,False,False,False
14.96,13.963716506958,2.96127653121948,4.69129180908203,3.78202819824219,13.7311973571777,49.2687454223633,12.4180612564087,,False,0,2.836148579231,False,0,False,False,False,False,False
14.98,13.9622774124146,2.96127653121948,4.69129180908203,3.78202819824219,13.7311973571777,49.2687454223633,12.4180612564087,,False,0,2.83609664530091,False,0,False,False,False,False,False
15,13.9608373641968,2.96127653121948,4.69129180908203,3.78202819824219,13.7311973571777,49.2687454223633,12.4180612564087,,False,0,2.83604471706965,False,0,False,False,False,False,False
15.02,13.9593982696533,2.96127653121948,4.69129180908203,3.78202819824219,13.7311973571777,49.2687454223633,12.4180612564087,,False,0,2.83599279453754,False,0,False,False,False,False,False
15.04,13.9579591751099,2.96127653121948,4.69129180908203,3.78202819824219,13.7311973571777,49.2687454223633,12.4180612564087,,False,0,2.83594087770489,False,0,False,False,False,False,False
15.06,13.9565591812134,2.96127653121948,4.69129180908203,3.78202819824219,13.7311973571777,49.2687454223633,12.4180612564087,,False,0,2.83589040847096,False,0,False,False,False,False,False
15.08,13.9551601409912,2.96127653121948,4.69129180908203,3.78202819824219,13.7311973571777,49.2687454223633,12.4180612564087,,False,0,2.83583994462483,False,0,False,False,False,False,False
15.1,13.9537591934204,2.96127653121948,4.69129180908203,3.78202819824219,13.7311973571777,49.2687454223633,12.4180612564087,,False,0,2.83578948616679,False,0,False,False,False,False,False
15.12,13.9523591995239,2.96127653121948,4.69129180908203,3.78202819824219,13.7311973571777,49.2687454223633,12.4180612564087,,False,0,2.83573903309463,False,0,False,False,False,False,False
15.14,13.9509630203247,2.96127653121948,4.69129180908203,3.78202819824219,13.7311973571777,49.2687454223633,12.4180612564087,,False,0,2.83568858541364,False,0,False,False,False,False,False
15.16,13.9495630264282,2.96127653121948,4.69129180908203,3.78202819824219,13.7311973571777,49.2687454223633,12.4180612564087,,False,0,2.83563814312161,False,0,False,False,False,False,False
15.18,13.9481649398804,2.96127653121948,4.69129180908203,3.78202819824219,13.7311973571777,49.2687454223633,12.4180612564087,,False,0,2.83558770621882,False,0,False,False,False,False,False
15.2,13.9468050003052,2.96127653121948,4.69129180908203,3.78202819824219,13.7311973571777,49.2687454223633,12.4180612564087,,False,0,2.83553871553115,False,0,False,False,False,False,False
15.22,13.9454460144043,2.96127653121948,4.69129180908203,3.78202819824219,13.7311973571777,49.2687454223633,12.4180612564087,,False,0,2.83548972992969,False,0,False,False,False,False,False
15.24,13.9440879821777,2.96127653121948,4.69129180908203,3.78202819824219,13.7311973571777,49.2687454223633,12.4180612564087,,False,0,2.83544074941472,False,0,False,False,False,False,False
15.26,13.9427242279053,2.96127653121948,4.69129180908203,3.78202819824219,13.7311973571777,49.2687454223633,12.4180612564087,,False,0,2.8353917739865,False,0,False,False,False,False,False
15.28,13.941367149353,2.96127653121948,4.69129180908203,3.78202819824219,13.7311973571777,49.2687454223633,12.4180612564087,,False,0,2.83534280364655,False,0,False,False,False,False,False
15.3,13.9400081634521,2.96127653121948,4.69129180908203,3.78202819824219,13.7311973571777,49.2687454223633,12.4180612564087,,False,0,2.83529383839387,False,0,False,False,False,False,False
15.32,13.938648223877,2.96127653121948,4.69129180908203,3.78202819824219,13.7311973571777,49.2687454223633,12.4180612564087,,False,0,2.83524487822748,False,0,False,False,False,False,False
15.34,13.9372882843018,2.96127653121948,4.69129180908203,3.78202819824219,13.7311973571777,49.2687454223633,12.4180612564087,,False,0,2.83519592314888,False,0,False,False,False,False,False
15.36,13.9359292984009,2.96127653121948,4.69129180908203,3.78202819824219,13.7311973571777,49.2687454223633,12.4180612564087,,False,0,2.83514697315835,False,0,False,False,False,False,False
15.38,13.934609413147,2.96127653121948,4.69129180908203,3.78202819824219,13.7311973571777,49.2687454223633,12.4180612564087,,False,0,2.83509946773947,False,0,False,False,False,False,False
15.4,13.9332904815674,2.96127653121948,4.69129180908203,3.78202819824219,13.7311973571777,49.2687454223633,12.4180612564087,,False,0,2.83505196711425,False,0,False,False,False,False,False
15.42,13.9319705963135,2.96127653121948,4.69129180908203,3.78202819824219,13.7311973571777,49.2687454223633,12.4180612564087,,False,0,2.83500447128293,False,0,False,False,False,False,False
15.44,13.9306507110596,2.96127653121948,4.69129180908203,3.78202819824219,13.7311973571777,49.2687454223633,12.4180612564087,,False,0,2.83495698024701,False,0,False,False,False,False,False
