timestamp,rotation,northRay,northwestRay,northeastRay,eastRay,southRay,westRay,fitness,doorClosed,checkpointMet,distanceFromPlayer,seesKey,mouseRotation,forwardButtonPressed,backButtonPressed,leftButtonPressed,rightButtonPressed,keyButtonPressed
0,,,,,,,,,,,,,,,,,,
0.02,,,,,,,,,,,,False,,,,,,
0.04,,,,,,,,,,,,False,,,,,,
0.06,,,,,,,,,,,,False,,,,,,
0.08,,,,,,,,,,,,False,,,,,,
0.09999999,,,,,,,,,,,,False,,,,,,
0.12,,,,,,,,,,,,False,,,,,,
0.14,,,,,,,,,,,,False,,,,,,
0.16,,,,,,,,,,,,False,,,,,,
0.18,,,,,,,,,,,,False,,,,,,
0.2,-0.00171436893288046,,,,,,,,False,0,29.5860272078547,False,0,False,False,False,False,False
0.22,-0.00171607127413154,,,,,,,,False,0,29.5860272078547,False,0,False,False,False,False,False
0.24,-0.00171607127413154,,,,,,,,False,0,29.5860272078547,False,0,False,False,False,False,False
0.26,-0.00171607127413154,,,,,,,,False,0,29.5860272078547,False,0,False,False,False,False,False
0.28,-0.00171607127413154,23.750675201416,1.22707784175873,18.188648223877,12.8613061904907,0.867675065994263,13.1386795043945,,False,0,29.5860272078547,False,0,False,False,False,False,False
0.3,-0.00171607127413154,23.7613697052002,1.22707748413086,18.188648223877,12.8613061904907,0.867674827575684,13.1386795043945,,False,0,29.5860272078547,False,0,False,False,False,False,False
0.32,-0.00171607127413154,23.7613697052002,1.22707748413086,18.188648223877,12.8613061904907,0.867674827575684,13.1386795043945,,False,0,29.5860272078547,False,0,False,False,False,False,False
0.34,-0.00171607127413154,23.7613697052002,1.22707748413086,18.188648223877,12.8613061904907,0.867674827575684,13.1386795043945,,False,0,29.5860272078547,False,0,False,False,False,False,False
0.36,-0.00171607127413154,23.8092002868652,1.22707772254944,18.188648223877,12.8613061904907,0.867674946784973,13.1386795043945,,False,0,29.5860272078547,False,0,False,False,False,False,False
0.38,-0.00171607127413154,23.8316535949707,1.22707772254944,18.188648223877,12.8613061904907,0.867674946784973,13.1386795043945,,False,0,29.5860272078547,False,0,False,False,False,False,False
0.4,-0.00171607127413154,23.8582096099854,1.22707772254944,18.188648223877,12.8613061904907,0.867674946784973,13.1386795043945,,False,0,29.5860272078547,False,0,False,False,False,False,False
0.42,-0.00171607127413154,23.889533996582,1.22707772254944,18.188648223877,12.8613061904907,0.867674946784973,13.1386795043945,,False,0,29.5860272078547,False,0,False,False,False,False,False
0.44,-0.00171607127413154,23.8935241699219,1.2270770072937,18.188648223877,12.8613061904907,0.867674469947815,13.1386795043945,,False,0,29.5860272078547,False,0,False,False,False,False,False
0.46,-0.00171607127413154,23.8943252563477,1.22707629203796,18.188648223877,12.8613061904907,0.867673993110657,13.1386795043945,,False,0,29.5860272078548,False,0,False,False,False,False,False
0.48,-0.00171607115771621,23.8944892883301,1.22707569599152,18.188648223877,12.8613061904907,0.867673516273499,13.1386795043945,,False,0,29.5860272078548,False,0,False,False,False,False,False
0.5,-0.00171607115771621,23.8945198059082,1.22707498073578,18.188648223877,12.8613061904907,0.86767303943634,13.1386795043945,,False,0,29.5860272078548,False,0,False,False,False,False,False
0.52,-0.00171607115771621,23.8888092041016,1.23515856266022,18.188648223877,12.8613061904907,0.873389005661011,13.1386795043945,,False,0,29.5860291152034,False,0,True,False,False,False,False
0.54,-0.00171640294138342,23.8784446716309,1.24982488155365,18.188648223877,12.8613061904907,0.883759617805481,13.1386795043945,,False,0,29.5803127913629,False,0,True,False,False,False,False
0.56,-0.00171700480859727,23.8643817901611,1.26971197128296,18.188648223877,12.8613061904907,0.89782190322876,13.1386795043945,,False,0,29.5699425368682,False,0,True,False,False,False,False
0.58,-0.00171782181132585,23.8432235717773,1.29963362216949,18.188648223877,12.8613061904907,0.91897976398468,13.1386795043945,,False,0,29.5558796554282,False,0,True,False,False,False,False
0.6,-0.00171905243769288,23.8148384094238,1.33977723121643,18.188648223877,12.8613061904907,0.947365522384644,13.1386795043945,,False,0,29.5347214370892,False,0,True,False,False,False,False
0.62,-0.00172070611733943,23.7809371948242,1.38771939277649,18.188648223877,12.8613061904907,0.981265783309937,13.1386795043945,,False,0,29.5063362747959,False,0,True,False,False,False,False
0.64,-0.00172268517781049,23.7429523468018,1.44144058227539,18.188648223877,12.8613061904907,1.01925241947174,13.1386795043945,,False,0,29.4724350602684,False,0,True,False,False,False,False
0.66,-0.00172490847762674,23.6977729797363,1.50533390045166,18.188648223877,12.8613061904907,1.06443178653717,13.1386795043945,,False,0,29.4344483049782,False,0,True,False,False,False,False
0.68,-0.00172756018582731,23.6453895568848,1.57941257953644,18.188648223877,12.8613061904907,1.1168133020401,13.1386795043945,,False,0,29.3892708453579,False,0,True,False,False,False,False
0.7,-0.00173064472619444,23.5893726348877,1.65863311290741,18.188648223877,12.8613061904907,1.17283070087433,13.1386795043945,,False,0,29.3368874226187,False,0,True,False,False,False,False
0.72,-0.0017339555779472,23.5262279510498,1.74793255329132,18.188648223877,12.8613061904907,1.23597490787506,13.1386795043945,,False,0,29.2808705007421,False,0,True,False,False,False,False
0.74,-0.00173770298715681,23.454610824585,1.84921717643738,18.188648223877,12.8613061904907,1.30759394168854,13.1386795043945,,False,0,29.2177258170406,False,0,True,False,False,False,False
0.76,-0.00174197286833078,23.3793182373047,1.9556941986084,18.188648223877,12.8613061904907,1.38288462162018,13.1386795043945,,False,0,29.1461067833826,False,0,True,False,False,False,False
0.78,-0.00174648442771286,23.2969379425049,2.07219743728638,18.188648223877,12.8613061904907,1.46526491641998,13.1386795043945,,False,0,29.0708161036152,False,0,True,False,False,False,False
0.8,-0.00175144767854363,23.2105159759521,2.19441938400269,18.188648223877,12.8613061904907,1.55168879032135,13.1386795043945,,False,0,28.9884358089961,False,0,True,False,False,False,False
0.82,-0.00175668497104198,23.1152877807617,2.32909107208252,18.188648223877,12.8613061904907,1.64691603183746,13.1386795043945,,False,0,28.9020119352853,False,0,True,False,False,False,False
0.84,-0.00176249211654067,23.0160846710205,2.46938538551331,18.188648223877,12.8613061904907,1.74611914157867,13.1386795043945,,False,0,28.8067856476549,False,0,True,False,False,False,False
0.86,-0.00176858273334801,22.9160842895508,2.61080598831177,18.188648223877,12.8613061904907,1.84611856937408,13.1386795043945,,False,0,28.7075825381354,False,0,True,False,False,False,False
0.88,-0.00177476485259831,22.8160858154297,2.75222659111023,18.188648223877,12.8613061904907,1.94611799716949,13.1386795043945,,False,0,28.6075821568907,False,0,True,False,False,False,False
0.9,-0.00178099039476365,22.7160873413086,2.89364695549011,18.188648223877,12.8613061904907,2.04611730575562,13.1386795043945,,False,0,28.5075836829963,False,0,True,False,False,False,False
0.92,-0.00178725970908999,22.6160869598389,3.03506875038147,18.188648223877,12.8613061904907,2.14611768722534,13.1386795043945,,False,0,28.4075833017548,False,0,True,False,False,False,False
0.94,-0.0017935736104846,22.5160865783691,3.17648935317993,18.188648223877,12.8613061904907,2.24611711502075,13.1386795043945,,False,0,28.3075829205149,False,0,True,False,False,False,False
0.96,-0.00179993209894747,22.4160861968994,3.31791114807129,18.188648223877,12.8613061904907,2.34611749649048,13.1386795043945,,False,0,28.2075844466252,False,0,True,False,False,False,False
0.98,-0.0018063357565552,22.3160877227783,3.45933175086975,18.188648223877,12.8613061904907,2.44611692428589,13.1386795043945,,False,0,28.1075840653886,False,0,True,False,False,False,False
1,-0.00181278516538441,22.2160873413086,3.60075378417969,18.188648223877,12.8613061904907,2.54611730575562,13.1386795043945,,False,0,28.0075836841537,False,0,True,False,False,False,False
1.02,-0.00181928079109639,22.1160869598389,3.74217414855957,18.188648223877,12.8613061904907,2.64611673355103,13.1386795043945,,False,0,27.907585210269,False,0,True,False,False,False,False
1.04,-0.00182582333218306,22.0160865783691,3.88359618186951,18.188648223877,12.8613061904907,2.74611711502075,13.1386795043945,,False,0,27.8075848290375,False,0,True,False,False,False,False
1.06,-0.00183241290505975,21.916088104248,4.02501678466797,18.188648223877,12.8613061904907,2.84611654281616,13.1386795043945,,False,0,27.7075844478076,False,0,True,False,False,False,False
1.08,-0.00183905009180307,21.8160877227783,4.16643857955933,18.188648223877,12.8613061904907,2.94611692428589,13.1386795043945,,False,0,27.6075840665795,False,0,True,False,False,False,False
1.1,-0.00184573570732027,21.7160873413086,4.30785894393921,18.188648223877,12.8613061904907,3.0461163520813,13.1386795043945,,False,0,27.5075836853532,False,0,True,False,False,False,False
1.12,-0.00185247021727264,21.6160869598389,4.44928121566772,18.1886463165283,12.8613061904907,3.14611673355103,13.1386795043945,,False,0,27.4075852114772,False,0,True,False,False,False,False
1.14,-0.00185925385449082,21.5160865783691,4.59070158004761,18.1886463165283,12.8613061904907,3.24611616134644,13.1386795043945,,False,0,27.3075848302544,False,0,True,False,False,False,False
1.16,-0.00186608743388206,21.4160861968994,4.73212337493896,18.1886463165283,12.8613061904907,3.34611654281616,13.1386795043945,,False,0,27.2075844490335,False,0,True,False,False,False,False
1.18,-0.00187297142110765,21.3160877227783,4.87354421615601,18.1886463165283,12.8613061904907,3.44611597061157,13.1386795043945,,False,0,27.107585975163,False,0,True,False,False,False,False
1.2,-0.0018799063982442,21.2160873413086,5.01496601104736,18.1886463165283,12.8613061904907,3.5461163520813,13.1386795043945,,False,0,27.0075855939457,False,0,True,False,False,False,False
1.22,-0.00188689294736832,21.1160888671875,5.15638637542725,18.1886463165283,12.8613061904907,3.64611577987671,13.1386795043945,,False,0,26.9075852127303,False,0,True,False,False,False,False
1.24,-0.0018939315341413,21.0160884857178,5.2978081703186,18.1886463165283,12.8613061904907,3.74611616134644,13.1386795043945,,False,0,26.8075848315168,False,0,True,False,False,False,False
1.26,-0.00190102297347039,20.9160861968994,5.43923044204712,18.1886463165283,12.8613061904907,3.84611654281616,13.1386795043945,,False,0,26.7075844503052,False,0,True,False,False,False,False
1.28,-0.00190816761460155,20.8160858154297,5.58065223693848,18.1886463165283,12.8613061904907,3.94611692428589,13.1386795043945,,False,0,26.6075859764442,False,0,True,False,False,False,False
1.3,-0.00191536615602672,20.71608543396,5.72207403182983,18.1886463165283,12.8613061904907,4.04611730575562,13.1386795043945,,False,0,26.5075836878879,False,0,True,False,False,False,False
1.32,-0.00192261929623783,20.6160850524902,5.86349582672119,18.1886463165283,12.8613061904907,4.14611768722534,13.1386795043945,,False,0,26.4075852140308,False,0,True,False,False,False,False
1.34,-0.00192992761731148,20.5160865783691,6.00491809844971,18.1886463165283,12.8613061904907,4.24611806869507,13.1386795043945,,False,0,26.3075829254785,False,0,True,False,False,False,False
1.36,-0.00193729158490896,20.4160842895508,6.14633989334106,18.1886463165283,12.8613061904907,4.34611845016479,13.1386795043945,,False,0,26.2075844516255,False,0,True,False,False,False,False
1.38,-0.00194471213035285,20.3160858154297,6.28776168823242,18.1886463165283,12.8613061904907,4.44611883163452,13.1386795043945,,False,0,26.1075821630772,False,0,True,False,False,False,False
1.4,-0.0019521894864738,20.21608543396,6.42918348312378,18.1886463165283,12.8613061904907,4.54611921310425,13.1386795043945,,False,0,26.0075836892283,False,0,True,False,False,False,False
1.42,-0.00195972481742501,20.1160850524902,6.57060527801514,18.1886463165283,12.8613061904907,4.64611959457397,13.1386795043945,,False,0,25.9075814006843,False,0,True,False,False,False,False
1.44,-0.00196731835603714,20.0160827636719,6.71202754974365,18.1886463165283,12.8613061904907,4.7461199760437,13.1386795043945,,False,0,25.8075829268396,False,0,True,False,False,False,False
1.46,-0.00197497103363276,19.9160842895508,6.85344934463501,18.1886463165283,12.8613061904907,4.84612035751343,13.1386795043945,,False,0,25.7075806382998,False,0,True,False,False,False,False
1.48,-0.00198268354870379,19.8160820007324,6.99487257003784,18.1886463165283,12.8613061904907,4.94612169265747,13.1386795043945,,False,0,25.6075821644595,False,0,True,False,False,False,False
1.5,-0.00199045683257282,19.7160816192627,7.13629579544067,18.1886463165283,12.8613061904907,5.04612302780151,13.1386795043945,,False,0,25.5075798759241,False,0,True,False,False,False,False
1.52,-0.00199829088523984,19.6160793304443,7.27771902084351,18.1886463165283,12.8613061904907,5.14612436294556,13.1386795043945,,False,0,25.4075775873909,False,0,True,False,False,False,False
1.54,-0.00200618663802743,19.5160789489746,7.41914224624634,18.1886463165283,12.8613061904907,5.2461256980896,13.1386795043945,,False,0,25.3075772062086,False,0,True,False,False,False,False
1.56,-0.00201414572075009,19.4160766601563,7.56056547164917,18.1886463165283,12.8613061904907,5.34612703323364,13.1386795043945,,False,0,25.2075768250286,False,0,True,False,False,False,False
1.58,-0.00202216790057719,19.3160762786865,7.701988697052,18.1886463165283,12.8613061904907,5.44612836837769,13.1386795043945,,False,0,25.1075745365023,False,0,True,False,False,False,False
1.6,-0.00203025410883129,19.2160739898682,7.84341192245483,18.1886463165283,12.8613061904907,5.54612970352173,13.1386795043945,,False,0,25.0075722479783,False,0,True,False,False,False,False
1.62,-0.00203840527683496,19.2160739898682,7.84341192245483,18.1886463165283,12.8613061904907,5.54612970352173,13.1386795043945,,False,0,24.9075718668053,False,0,True,False,False,False,False
1.64,-0.0020466223359108,19.0160713195801,8.12625885009766,18.1886463165283,12.8613061904907,5.74613237380981,13.1386795043945,,False,0,24.8075714856347,False,0,True,False,False,False,False
1.66,-0.00205490598455071,19.0160713195801,8.12625885009766,18.1886463165283,12.8613061904907,5.74613237380981,13.1386795043945,,False,0,24.7075691971178,False,0,True,False,False,False,False
1.68,-0.00206325692124665,18.816068649292,8.40910530090332,18.1886463165283,12.8613061904907,5.9461350440979,13.1386795043945,,False,0,24.6075669086035,False,0,True,False,False,False,False
1.7,-0.00207167584449053,18.7160682678223,8.55052852630615,18.1886463165283,12.8613176345825,6.04613637924194,13.1386814117432,,False,0,24.5075665274402,False,0,True,False,False,False,False
1.72,-0.00208016368560493,18.6160659790039,8.69194984436035,18.1886463165283,12.8613176345825,6.14613676071167,13.1386823654175,,False,0,24.4075661462795,False,0,True,False,False,False,False
1.74,-0.00208872160874307,18.6160659790039,8.69194984436035,18.1886463165283,12.8613176345825,6.14613676071167,13.1386823654175,,False,0,24.3075638577726,False,0,True,False,False,False,False
1.76,-0.00209735007956624,18.4160671234131,8.97479343414307,18.1886463165283,12.8613176345825,6.34613752365112,13.1386823654175,,False,0,24.2075653839656,False,0,True,False,False,False,False
1.78,-0.00210605002939701,18.4160671234131,8.97479343414307,18.1886463165283,12.8613176345825,6.34613752365112,13.1386823654175,,False,0,24.107563095464,False,0,True,False,False,False,False
1.8,-0.00211482238955796,18.2160663604736,9.2576379776001,18.1886463165283,12.8613176345825,6.54613828659058,13.1386823654175,,False,0,24.0075646216622,False,0,True,False,False,False,False
1.82,-0.00212366809137166,18.1160640716553,9.3990592956543,18.1886463165283,12.8613176345825,6.6461386680603,13.1386814117432,,False,0,23.9075623331659,False,0,True,False,False,False,False
1.84,-0.00213258829899132,18.0160636901855,9.54048156738281,18.1886463165283,12.8613176345825,6.74613904953003,13.1386823654175,,False,0,23.8075638593695,False,0,True,False,False,False,False
1.86,-0.00214158394373953,17.9160652160645,9.68190383911133,18.1886463165283,12.8613176345825,6.84613943099976,13.1386814117432,,False,0,23.7075615708786,False,0,True,False,False,False,False
1.88,-0.00215065549127758,17.8160629272461,9.82332706451416,18.1886463165283,12.8613176345825,6.94613981246948,13.1386823654175,,False,0,23.6075630970877,False,0,True,False,False,False,False
1.9,-0.00215980433858931,17.7160625457764,9.96474933624268,18.1886463165283,12.8613176345825,7.04614019393921,13.1386814117432,,False,0,23.5075608086024,False,0,True,False,False,False,False
1.92,-0.00216903118416667,17.6160621643066,10.1061716079712,18.1886329650879,12.8613176345825,7.14614057540894,13.1386823654175,,False,0,23.4075623348172,False,0,True,False,False,False,False
1.94,-0.00217833742499352,17.5160636901855,10.2475929260254,18.1886329650879,12.8613176345825,7.24614095687866,13.1386814117432,,False,0,23.3075600463376,False,0,True,False,False,False,False
1.96,-0.00218772375956178,17.4160633087158,10.3890151977539,18.1886329650879,12.8613176345825,7.34614133834839,13.1386823654175,,False,0,23.2075615725582,False,0,True,False,False,False,False
1.98,-0.00219719135202467,17.3160629272461,10.5304374694824,18.1886329650879,12.8613176345825,7.44614171981812,13.1386814117432,,False,0,23.1075592840845,False,0,True,False,False,False,False
2,-0.00220674113370478,17.2160606384277,10.6718587875366,18.1886329650879,12.8613176345825,7.54614210128784,13.1386823654175,,False,0,23.007560810311,False,0,True,False,False,False,False
2.02,-0.00221637450158596,17.1160621643066,10.8132810592651,18.1886329650879,12.8613176345825,7.64614248275757,13.1386814117432,,False,0,22.9075585218433,False,0,True,False,False,False,False
2.04,-0.00222609238699079,17.0160617828369,10.9547023773193,18.1886329650879,12.8613176345825,7.74614286422729,13.1386823654175,,False,0,22.807560048076,False,0,True,False,False,False,False
2.06,-0.00223589572124183,16.9160594940186,11.0961246490479,18.1886329650879,12.8613176345825,7.84614324569702,13.1386814117432,,False,0,22.7075577596145,False,0,True,False,False,False,False
2.08,-0.00224578566849232,16.8160610198975,11.2375469207764,18.1886329650879,12.8613176345825,7.94614362716675,13.1386823654175,,False,0,22.6075592858534,False,0,True,False,False,False,False
2.1,-0.00225576385855675,16.7160606384277,11.3789682388306,18.1886329650879,12.8613147735596,8.04614448547363,13.1386814117432,,False,0,22.5075569973983,False,0,True,False,False,False,False
2.12,-0.00226583075709641,16.616060256958,11.5203895568848,18.1886329650879,12.8613147735596,8.14614486694336,13.1386823654175,,False,0,22.4075585236436,False,0,True,False,False,False,False
2.14,-0.00227598799392581,16.5160598754883,11.6618118286133,18.1886329650879,12.8613147735596,8.24614524841309,13.1386814117432,,False,0,22.307556235195,False,0,True,False,False,False,False
2.16,-0.00228623673319817,16.4160594940186,11.8032331466675,18.1886329650879,12.8613147735596,8.34614562988281,13.1386823654175,,False,0,22.207557761447,False,0,True,False,False,False,False
2.18,-0.0022965781390667,16.3160572052002,11.944655418396,18.1886329650879,12.8613147735596,8.44614601135254,13.1386814117432,,False,0,22.1075554730051,False,0,True,False,False,False,False
2.2,-0.00230701360851526,16.2160587310791,12.0860776901245,18.1886329650879,12.8613147735596,8.54614639282227,13.1386823654175,,False,0,22.0075569992639,False,0,True,False,False,False,False
2.22,-0.00231754430569708,16.1160564422607,12.2274990081787,18.1886329650879,12.8613147735596,8.64614677429199,13.1386814117432,,False,0,21.9075547108289,False,0,True,False,False,False,False
2.24,-0.00232817162759602,16.0160579681396,12.3689212799072,18.1886329650879,12.8613147735596,8.74614715576172,13.1386823654175,,False,0,21.8075562370946,False,0,True,False,False,False,False
2.26,-0.00233889673836529,15.9160556793213,12.5103435516357,18.1886329650879,12.8613147735596,8.84614753723145,13.1386814117432,,False,0,21.7075539486667,False,0,True,False,False,False,False
2.28,-0.0023497212678194,15.8160572052002,12.6517648696899,18.1886329650879,12.8613147735596,8.94614791870117,13.1386823654175,,False,0,21.6075554749396,False,0,True,False,False,False,False
2.3,-0.00236064638011158,15.7160549163818,12.7931871414185,18.1886329650879,12.8613147735596,9.0461483001709,13.1386814117432,,False,0,21.507553186519,False,0,True,False,False,False,False
2.32,-0.00237167347222567,15.6160564422607,12.9346084594727,18.1886329650879,12.8613147735596,9.14614868164063,13.1386823654175,,False,0,21.4075547127993,False,0,True,False,False,False,False
2.34,-0.00238280440680683,15.5160541534424,13.0760307312012,18.1886329650879,12.8613147735596,9.24614906311035,13.1386814117432,,False,0,21.3075524243861,False,0,True,False,False,False,False
2.36,-0.00239404011517763,15.4160556793213,13.2174530029297,18.1886329650879,12.8613147735596,9.34614944458008,13.1386823654175,,False,0,21.207553950674,False,0,True,False,False,False,False
2.38,-0.00240538222715259,15.3160533905029,13.3588743209839,18.1886329650879,12.8613147735596,9.4461498260498,13.1386814117432,,False,0,21.1075516622686,False,0,True,False,False,False,False
2.4,-0.00241683260537684,15.2160530090332,13.5002965927124,18.1886329650879,12.8613147735596,9.54615020751953,13.1386823654175,,False,0,21.0075531885643,False,0,True,False,False,False,False
2.42,-0.00242839194834232,15.1160526275635,13.6417179107666,18.1886329650879,12.8613147735596,9.64615058898926,13.1386814117432,,False,0,20.9075509001667,False,0,True,False,False,False,False
2.44,-0.00244006281718612,15.0160522460938,13.7831401824951,18.1886329650879,12.8613147735596,9.74615097045898,13.1386823654175,,False,0,20.8075524264705,False,0,True,False,False,False,False
2.46,-0.0024518461432308,14.916051864624,13.9245624542236,18.1886329650879,12.8613147735596,9.84615135192871,13.1386814117432,,False,0,20.7075501380811,False,0,True,False,False,False,False
2.48,-0.0024637442547828,14.8160533905029,14.0659837722778,18.1886329650879,12.8613147735596,9.94615173339844,13.1386823654175,,False,0,20.6075516643931,False,0,True,False,False,False,False
2.5,-0.00247575785033405,14.7160520553589,14.2074060440063,18.1886329650879,12.8613166809082,10.0461521148682,13.1386852264404,,False,0,20.5075493760121,False,0,True,False,False,False,False
2.52,-0.00248788949102163,14.6160516738892,14.3488264083862,18.1886329650879,12.8613166809082,10.1461515426636,13.1386852264404,,False,0,20.4075509023326,False,0,True,False,False,False,False
2.54,-0.00250014034099877,14.5160541534424,14.4902467727661,18.1886329650879,12.8613166809082,10.246150970459,13.1386852264404,,False,0,20.3075505213088,False,0,True,False,False,False,False
2.56,-0.00251251272857189,14.416054725647,14.6316680908203,18.1886329650879,12.8613166809082,10.3461503982544,13.1386852264404,,False,0,20.2075501402895,False,0,True,False,False,False,False
2.58,-0.00252500805072486,14.3160533905029,14.7730884552002,18.1886329650879,12.8613166809082,10.4461498260498,13.1386852264404,,False,0,20.1075516666232,False,0,True,False,False,False,False
2.6,-0.00253762840293348,14.2160549163818,14.9145088195801,18.1886329650879,12.8613166809082,10.5461492538452,13.1386852264404,,False,0,20.0075531929615,False,0,True,False,False,False,False
2.62,-0.00255037541501224,14.1160545349121,15.0559310913086,18.1886329650879,12.8613166809082,10.6461496353149,13.1386852264404,,False,0,19.9075528119558,False,0,True,False,False,False,False
2.64,-0.00256325141526759,14.0160531997681,15.1973524093628,18.1886329650879,12.8613166809082,10.7461500167847,13.1386852264404,,False,0,19.8075524309548,False,0,True,False,False,False,False
2.66,-0.00257625756785274,13.9160537719727,15.3387746810913,18.1886329650879,12.8613166809082,10.8461503982544,13.1386852264404,,False,0,19.7075520499586,False,0,True,False,False,False,False
2.68,-0.00258939689956605,13.8160524368286,15.4801959991455,18.1886329650879,12.8613166809082,10.9461507797241,13.1386852264404,,False,0,19.6075516689671,False,0,True,False,False,False,False
2.7,-0.00260267034173012,13.7160520553589,15.621618270874,18.1886329650879,12.8613166809082,11.0461511611938,13.1386852264404,,False,0,19.5075512879806,False,0,True,False,False,False,False
2.72,-0.00261608138680458,13.6160526275635,15.7630405426025,18.1886329650879,12.8613166809082,11.1461515426636,13.1386852264404,,False,0,19.4075509069991,False,0,True,False,False,False,False
2.74,-0.00262963073328137,13.5160531997681,15.9044618606567,18.1886329650879,12.8613166809082,11.2461519241333,13.1386852264404,,False,0,19.3075505260226,False,0,True,False,False,False,False
2.76,-0.00264332164078951,13.416051864624,16.0458831787109,18.1886329650879,12.8613166809082,11.346152305603,13.1386852264404,,False,0,19.2075501450512,False,0,True,False,False,False,False
2.78,-0.00265715550631285,13.3160524368286,16.1873054504395,18.1886329650879,12.8613166809082,11.4461526870728,13.1386852264404,,False,0,19.1075497640851,False,0,True,False,False,False,False
2.8,-0.00267113512381911,13.2160520553589,16.328727722168,18.1886329650879,12.8613166809082,11.5461530685425,13.1386852264404,,False,0,19.0075493831242,False,0,True,False,False,False,False
2.82,-0.00268526212312281,13.1160497665405,16.4701499938965,18.1886329650879,12.8613166809082,11.6461534500122,13.1386852264404,,False,0,18.9075490021688,False,0,True,False,False,False,False
2.84,-0.00269954022951424,13.0160503387451,16.611572265625,18.1886329650879,12.8613166809082,11.7461538314819,13.1386852264404,,False,0,18.8075486212188,False,0,True,False,False,False,False
2.86,-0.00271397037431598,12.9160499572754,16.7529945373535,18.1886329650879,12.8613166809082,11.8461542129517,13.1386852264404,,False,0,18.7075482402744,False,0,True,False,False,False,False
2.88,-0.00272855581715703,12.8160495758057,16.8944149017334,18.1886329650879,12.8613166809082,11.9461545944214,13.1386852264404,,False,0,18.6075478593356,False,0,True,False,False,False,False
2.9,-0.00274329865351319,12.7160491943359,17.0358371734619,18.1886329650879,12.8613166809082,12.0461549758911,13.1386852264404,,False,0,18.5075474784025,False,0,True,False,False,False,False
2.92,-0.00275820214301348,12.6160488128662,17.1772594451904,18.1886329650879,12.8613166809082,12.1461553573608,13.1386852264404,,False,0,18.4075470974753,False,0,True,False,False,False,False
2.94,-0.00277326768264174,12.5160484313965,17.3186817169189,18.1886329650879,12.8613166809082,12.2461557388306,13.1386852264404,,False,0,18.307546716554,False,0,True,False,False,False,False
2.96,-0.00278849969618022,12.4160480499268,17.4601039886475,18.1886329650879,12.8613166809082,12.3461561203003,13.1386852264404,,False,0,18.2075463356388,False,0,True,False,False,False,False
2.98,-0.00280389888212085,12.3160467147827,17.6015243530273,18.1886329650879,12.8613166809082,12.44615650177,13.1386852264404,,False,0,18.1075459547296,False,0,True,False,False,False,False
3,-0.00281946989707649,12.2160472869873,17.7429466247559,18.1886329650879,12.8613166809082,12.5461568832397,13.1386852264404,,False,0,18.0075455738267,False,0,True,False,False,False,False
3.02,-0.00283521437086165,12.1160459518433,17.8843688964844,18.1886329650879,12.8613166809082,12.6461572647095,13.1386852264404,,False,0,17.9075451929301,False,0,True,False,False,False,False
3.04,-0.00285113602876663,12.0160465240479,18.0257911682129,18.1886329650879,12.8613166809082,12.7461576461792,13.1386852264404,,False,0,17.80754481204,False,0,True,False,False,False,False
3.06,-0.00286723696626723,11.9160470962524,18.1672134399414,18.1886329650879,12.8613166809082,12.8461580276489,13.1386852264404,,False,0,17.7075444311564,False,0,True,False,False,False,False
3.08,-0.00288352160714567,11.8160448074341,18.1886329650879,18.1886329650879,12.8613166809082,12.9461584091187,13.1386852264404,,False,0,17.6075440502794,False,0,True,False,False,False,False
3.1,-0.00289999158121645,11.7160453796387,18.1886329650879,18.1886329650879,12.8613166809082,13.0461587905884,13.1386852264404,,False,0,17.5075436694092,False,0,True,False,False,False,False
3.12,-0.00291665131226182,11.6160449981689,18.1886329650879,18.2175064086914,12.8613166809082,13.1461591720581,13.1386852264404,,False,0,17.407543288546,False,0,True,False,False,False,False
3.14,-0.00293350289575756,11.5160446166992,18.1886329650879,18.2175064086914,12.8613166809082,13.2461595535278,13.1386852264404,,False,0,17.3075429076897,False,0,True,False,False,False,False
3.16,-0.00295055098831654,11.4160432815552,18.1886329650879,18.2175064086914,12.8613166809082,13.3461599349976,13.1386852264404,,False,0,17.2075425268405,False,0,True,False,False,False,False
3.18,-0.0029677979182452,11.3160429000854,18.1886329650879,18.2175064086914,12.8613166809082,13.4461603164673,13.1386852264404,,False,0,17.1075421459987,False,0,True,False,False,False,False
3.2,-0.00298524810932577,11.21604347229,18.1886329650879,18.2175064086914,12.8613166809082,13.546160697937,13.1386852264404,,False,0,17.0075417651641,False,0,True,False,False,False,False
3.22,-0.00300290412269533,11.1160430908203,18.1886329650879,18.2175064086914,12.8613166809082,13.6461610794067,13.1386852264404,,False,0,16.9075413843372,False,0,True,False,False,False,False
3.24,-0.00302077108062804,11.0160436630249,18.1886329650879,18.2175064086914,12.8613166809082,13.7461614608765,13.1386852264404,,False,0,16.8075410035178,False,0,True,False,False,False,False
3.26,-0.00303885131143034,10.9160423278809,18.1886329650879,18.2175064086914,12.8613166809082,13.8461618423462,13.1386852264404,,False,0,16.7075406227062,False,0,True,False,False,False,False
3.28,-0.00305714970454574,10.8160409927368,18.1886329650879,18.2175064086914,12.8613166809082,13.9461622238159,13.1386852264404,,False,0,16.6075402419026,False,0,True,False,False,False,False
3.3,-0.00307566905394197,10.7160425186157,18.1886329650879,18.2175025939941,12.8613166809082,14.0461626052856,13.1386852264404,,False,0,16.5075398611071,False,0,True,False,False,False,False
3.32,-0.00309441494755447,10.6160402297974,18.1886329650879,18.2175025939941,12.8613166809082,14.1461629867554,13.1386852264404,,False,0,16.4075394803197,False,0,True,False,False,False,False
3.34,-0.00311338994652033,10.5160398483276,18.1886329650879,18.2175025939941,12.8613166809082,14.2461633682251,13.1386852264404,,False,0,16.3075390995407,False,0,True,False,False,False,False
3.36,-0.00313259987160563,10.4160394668579,18.1886329650879,18.2175025939941,12.8613166809082,14.3461637496948,13.1386852264404,,False,0,16.2075387187703,False,0,True,False,False,False,False
3.38,-0.00315204751677811,10.3160400390625,18.1886329650879,18.2175025939941,12.8613166809082,14.4461641311646,13.1386852264404,,False,0,16.1075383380085,False,0,True,False,False,False,False
3.4,-0.00317173893563449,10.2160396575928,18.1886329650879,18.2175025939941,12.8613166809082,14.5461645126343,13.1386852264404,,False,0,16.0075379572556,False,0,True,False,False,False,False
3.42,-0.00319167762063444,10.1160364151001,18.1886329650879,18.2175025939941,12.8613166809082,14.646164894104,13.1386852264404,,False,0,15.9075375765117,False,0,True,False,False,False,False
3.44,-0.00321186846122146,10.0160388946533,18.1886329650879,18.2175025939941,12.8613166809082,14.7461652755737,13.1386852264404,,False,0,15.8075371957769,False,0,True,False,False,False,False
3.46,-0.00323231657966971,9.91603851318359,18.1886329650879,18.2175025939941,12.8613166809082,14.8461656570435,13.1386852264404,,False,0,15.7075368150516,False,0,True,False,False,False,False
3.48,-0.00325302639976144,9.81603813171387,18.1886329650879,18.2175025939941,12.8613166809082,14.9461660385132,13.1386852264404,,False,0,15.6075364343357,False,0,True,False,False,False,False
3.5,-0.00327400374226272,9.71603775024414,18.1886329650879,18.2175025939941,12.8613166809082,15.0461664199829,13.1386852264404,,False,0,15.5075360536296,False,0,True,False,False,False,False
3.52,-0.00329525303095579,9.61603736877441,18.1886329650879,18.2175025939941,12.8613166809082,15.1461668014526,13.1386852264404,,False,0,15.4075356729334,False,0,True,False,False,False,False
3.54,-0.00331678008660674,9.51603698730469,18.1886329650879,18.2175025939941,12.8613166809082,15.2461671829224,13.1386852264404,,False,0,15.3075352922473,False,0,True,False,False,False,False
3.56,-0.00333859049715102,9.41603660583496,18.1886329650879,18.2175025939941,12.8613166809082,15.3461675643921,13.1386852264404,,False,0,15.2075349115716,False,0,True,False,False,False,False
3.58,-0.00336068938486278,9.31603622436523,18.1886329650879,18.2175025939941,12.8613166809082,15.4461679458618,13.1386852264404,,False,0,15.1075345309063,False,0,True,False,False,False,False
3.6,-0.00338308280333877,9.21603393554688,18.1886329650879,18.2175025939941,12.8613166809082,15.5461702346802,13.1386852264404,,False,0,15.0075341502517,False,0,True,False,False,False,False
3.62,-0.00340577703900635,9.11700248718262,18.2282619476318,18.1777038574219,12.8612174987793,15.6462116241455,13.1388473510742,,False,0,14.9075318622595,False,0.025000000372529,True,False,False,False,False
3.64,359.938568115234,9.01700210571289,18.2279529571533,18.177396774292,12.8610000610352,15.7462120056152,13.139063835144,,False,0,14.8075315114556,False,0,True,False,False,False,False
3.66,359.938140869141,8.91699886322021,18.2276458740234,18.1770896911621,12.860782623291,15.8462133407593,13.1392812728882,,False,0,14.7075311642833,False,0,True,False,False,False,False
3.68,359.937744140625,8.81699848175049,18.2273368835449,18.1767826080322,12.8605651855469,15.946213722229,13.1394987106323,,False,0,14.6075308208172,False,0,True,False,False,False,False
3.7,359.937316894531,8.71700000762939,18.227029800415,18.1764755249023,12.8603458404541,16.0462131500244,13.1397123336792,,False,0,14.507530481134,False,0,True,False,False,False,False
3.72,359.936859130859,8.61699962615967,18.2267208099365,18.1761684417725,12.86012840271,16.1462135314941,13.1399297714233,,False,0,14.4075301453124,False,0,True,False,False,False,False
3.74,359.936431884766,8.51699638366699,18.226411819458,18.1758632659912,12.8599109649658,16.2462139129639,13.1401472091675,,False,0,14.3075298134334,False,0,True,False,False,False,False
3.76,359.935974121094,8.41699600219727,18.2261047363281,18.1755561828613,12.8596935272217,16.3462142944336,13.1403646469116,,False,0,14.2075294855803,False,0,True,False,False,False,False
3.78,359.935546875,8.31699752807617,18.2257957458496,18.1752490997314,12.8594760894775,16.446216583252,13.1405820846558,,False,0,14.1075291618386,False,0,True,False,False,False,False
3.8,359.93505859375,8.21699714660645,18.2254886627197,18.1749420166016,12.8592586517334,16.5462169647217,13.1407995223999,,False,0,14.0075288422964,False,0,True,False,False,False,False
3.82,359.934600830078,8.11699676513672,18.2251796722412,18.1746349334717,12.8590412139893,16.6462173461914,13.141016960144,,False,0,13.9075285270444,False,0,True,False,False,False,False
3.84,359.934143066406,8.01699352264404,18.2248725891113,18.1743278503418,12.8588237762451,16.7462177276611,13.1412343978882,,False,0,13.8075282161756,False,0,True,False,False,False,False
3.86,359.933654785156,7.91699504852295,18.2245635986328,18.1740207672119,12.858606338501,16.8462181091309,13.1414518356323,,False,0,13.7075279097861,False,0,True,False,False,False,False
3.88,359.933166503906,7.81811332702637,18.2641296386719,18.1341800689697,12.8583478927612,16.9463424682617,13.1418962478638,,False,0,13.6075276079746,False,0.025000000372529,True,False,False,False,False
3.9,359.874633789063,7.72116804122925,18.3440475463867,18.0552673339844,12.8580131530762,17.0468349456787,13.1429738998413,,False,0,13.5075292998936,False,0.0500000007450581,True,False,False,False,False
3.92,359.757598876953,7.63041496276855,18.5070972442627,17.9004726409912,12.8580770492554,17.1488037109375,13.1458787918091,,False,0,13.4075331067734,False,0.100000001490116,True,False,False,False,False
3.94,359.523559570313,7.53660106658936,18.5883693695068,17.8227519989014,12.8571691513062,17.2502861022949,13.1490173339844,,False,0,13.3075489043771,False,0.0500000007450581,True,False,False,False,False
3.96,359.403839111328,7.44779300689697,18.7129802703857,17.7086086273193,12.8567008972168,17.3531360626221,13.1537561416626,,False,0,13.2075748054409,False,0.0750000029802322,True,False,False,False,False
3.98,359.225036621094,7.35650825500488,18.7954425811768,17.6318206787109,12.8553113937378,17.4554634094238,13.1586132049561,,False,0,13.1076169730345,False,0.0500000007450581,True,False,False,False,False
4,359.102874755859,7.2714729309082,18.9227104187012,17.5197734832764,12.8546695709229,17.5595989227295,13.1653871536255,,False,0,13.0076736833765,False,0.0750000029802322,True,False,False,False,False
4.02,358.921539306641,7.19509840011597,19.0971565246582,17.3742160797119,12.8551073074341,17.6663227081299,13.1748647689819,,False,0,12.9077570714765,False,0.100000001490116,True,False,False,False,False
4.04,358.680480957031,7.10851860046387,19.1819534301758,17.2989807128906,12.8528566360474,17.7702102661133,13.182822227478,,False,0,12.8078815593469,False,0.0500000007450581,True,False,False,False,False
4.06,358.5537109375,7.02293682098389,19.2672920227051,17.2240772247314,12.8504114151001,17.8744583129883,13.1914682388306,,False,0,12.7080299950916,False,0.0500000007450581,True,False,False,False,False
4.08,358.42578125,6.93051147460938,19.3058128356934,17.18288230896,12.8462219238281,17.9767246246338,13.1989459991455,,False,0,12.6082068053889,False,0.025000000372529,True,False,False,False,False
4.1,358.354949951172,6.84636783599854,19.3919582366943,17.1084842681885,12.8434886932373,18.0815410614014,13.2086296081543,,False,0,12.5083985905524,False,0.0500000007450581,True,False,False,False,False
4.12,358.225128173828,6.75465393066406,19.4303588867188,17.0671195983887,12.8388233184814,18.1840953826904,13.2169599533081,,False,0,12.408621841774,False,0.025000000372529,True,False,False,False,False
4.14,358.152374267578,6.6546516418457,19.4204368591309,17.0584182739258,12.8322668075562,18.2840957641602,13.2235164642334,,False,0,12.3088630461936,False,0,True,False,False,False,False
4.16,358.13720703125,6.55465221405029,19.410514831543,17.0497169494629,12.8257112503052,18.3840980529785,13.2300720214844,,False,0,12.2091082132553,False,0,True,False,False,False,False
4.18,358.121795654297,6.4628849029541,19.4488182067871,17.008337020874,12.8208856582642,18.4867820739746,13.2386875152588,,False,0,12.1093574408897,False,0.025000000372529,True,False,False,False,False
4.2,358.047790527344,6.37128734588623,19.48708152771,16.966911315918,12.8159036636353,18.5895652770996,13.2475814819336,,False,0,12.0096274322859,False,0.025000000372529,True,False,False,False,False
4.22,357.973022460938,6.28874540328979,19.5744781494141,16.8933925628662,12.8126735687256,18.6954383850098,13.259015083313,,False,0,11.9099186958049,False,0.0500000007450581,True,False,False,False,False
4.24,357.839050292969,6.21689319610596,19.7126712799072,16.7887649536133,12.8113489151001,18.804967880249,13.273585319519,,False,0,11.8102486583985,False,0.0750000029802322,True,False,False,False,False
4.26,357.645202636719,6.15861129760742,19.9044418334961,16.654541015625,12.8122625350952,18.9190139770508,13.2920913696289,,False,0,11.7106411290997,False,0.100000001490116,True,False,False,False,False
4.28,357.390808105469,6.11873435974121,20.1538352966309,16.492733001709,12.8159303665161,19.0387306213379,13.3155431747437,,False,0,11.611122614162,False,0.125,True,False,False,False,False
4.3,357.074981689453,6.12250185012817,20.5225219726563,16.2774105072021,12.826153755188,19.1703720092773,13.3486223220825,,False,0,11.5117262705757,False,0.174999997019768,True,False,False,False,False
4.32,356.637878417969,6.303626537323,21.2097816467285,15.9358043670654,12.8564395904541,19.3356285095215,13.4071855545044,,False,0,11.412521321597,False,0.300000011920929,True,False,False,False,False
4.34,355.899505615234,33.2218170166016,22.3001461029053,15.4950046539307,12.9171695709229,19.5522842407227,13.5044975280762,,False,0,11.3136982136405,False,0.425000011920929,True,False,False,False,False
4.36,354.850524902344,33.2910804748535,23.1241321563721,15.2006101608276,12.9632949829102,19.7522888183594,13.5931768417358,,False,0,11.2155404939609,False,0.300000011920929,True,False,False,False,False
4.38,354.081848144531,33.4547233581543,22.7343769073486,14.843189239502,13.0429992675781,20.009313583374,13.7240839004517,,False,0,11.1179564381337,False,0.400000005960464,True,False,False,False,False
4.4,353.053527832031,33.5617904663086,22.5261039733887,14.6052589416504,13.0977430343628,20.2336196899414,13.8352403640747,,False,0,11.0212484447201,False,0.275000005960464,True,False,False,False,False
4.42,352.310241699219,33.8476791381836,22.1541881561279,14.2618589401245,13.2187881469727,20.5671043395996,14.0242910385132,,False,0,10.9252451262812,False,0.450000017881393,True,False,False,False,False
4.44,351.109497070313,34.0641479492188,21.944507598877,14.0010929107666,13.3092155456543,20.8600788116455,14.1889190673828,,False,0,10.8305020537058,False,0.325000017881393,True,False,False,False,False
4.46,350.193237304688,34.2575378417969,21.8003406524658,13.8057260513306,13.3877878189087,21.1403617858887,14.3474950790405,,False,0,10.7368139122344,False,0.275000005960464,True,False,False,False,False
4.48,349.382141113281,34.2007064819336,21.7118225097656,13.6460084915161,13.4501132965088,21.4001197814941,14.4943256378174,,False,0,10.6441161289886,False,0.225000008940697,True,False,False,False,False
4.5,348.681945800781,32.1478843688965,21.5936393737793,13.4679145812988,13.5411510467529,21.7110424041748,14.678150177002,,False,0,10.5523162259995,False,0.275000005960464,True,False,False,False,False
4.52,347.828460693359,30.3282012939453,21.4890556335449,13.2985801696777,13.6395044326782,22.0399341583252,14.8543167114258,,False,0,10.4616571374924,False,0.275000005960464,True,False,False,False,False
4.54,346.949249267578,28.83567237854,21.4141063690186,13.147819519043,13.7313261032104,22.3644561767578,15.0521984100342,,False,0,10.372222137187,False,0.25,True,False,False,False,False
4.56,346.112640380859,28.0934677124023,21.428071975708,13.0518684387207,13.7553443908691,22.5829944610596,15.1804494857788,,False,0,10.2839954466878,False,0.125,True,False,False,False,False
4.58,345.608306884766,27.2664260864258,21.4285449981689,12.947732925415,13.7952356338501,22.8311462402344,15.3300266265869,,False,0,10.1965093953338,False,0.150000005960464,True,False,False,False,False
4.6,345.019226074219,26.2638549804688,21.4029083251953,12.8278360366821,13.8682594299316,23.1388072967529,15.5214185714722,,False,0,10.1099047215736,False,0.200000002980232,True,False,False,False,False
4.62,344.266845703125,25.7391605377197,21.4383316040039,12.7446365356445,13.8794250488281,23.3471908569336,15.6476621627808,,False,0,10.0244468914277,False,0.100000001490116,True,False,False,False,False
4.64,343.791748046875,25.3319969177246,21.4884357452393,12.6701774597168,13.8743495941162,23.5306758880615,15.7581281661987,,False,0,9.93972142552087,False,0.0750000029802322,True,False,False,False,False
4.66,343.355682373047,25.1318759918213,21.566032409668,12.6119661331177,13.8359498977661,23.6589832305908,15.8321084976196,,False,0,9.75613384115155,False,0.025000000372529,True,False,False,False,False
4.68,343.058380126953,24.9330558776855,21.6435222625732,12.5536870956421,13.7973003387451,23.7875862121582,15.9065647125244,,False,0,9.57312920976029,False,0.025000000372529,True,False,False,False,False
4.7,342.750793457031,24.6388511657715,21.7074298858643,12.4875020980835,13.7750473022461,23.945592880249,16.0011196136475,,False,0,9.39076151338665,False,0.0500000007450581,True,False,False,False,False
4.72,342.355102539063,24.1623039245605,21.745138168335,12.4061851501465,13.7864065170288,24.1643238067627,16.1371383666992,,False,0,9.20921735439943,False,0.100000001490116,True,False,False,False,False
4.74,341.788940429688,24.0623073577881,21.8351287841797,12.3547525405884,13.7292518615723,24.2643260955811,16.1942939758301,,False,0,9.02883046506967,False,0,True,False,False,False,False
4.76,341.525512695313,23.9623050689697,21.9251174926758,12.3033199310303,13.6720972061157,24.3643264770508,16.2514476776123,,False,0,8.84920830130592,False,0,True,False,False,False,False
4.78,341.255889892578,23.8623027801514,22.0151062011719,12.2518873214722,13.6149425506592,24.4643268585205,16.3086032867432,,False,0,8.67048919133491,False,0,True,False,False,False,False
4.8,340.982452392578,23.7623062133789,22.1050968170166,12.2004547119141,13.5577878952026,24.5643272399902,16.3657569885254,,False,0,8.49287224461859,False,0,True,False,False,False,False
4.82,340.708953857422,23.6623039245605,22.1950874328613,12.149022102356,13.5006341934204,24.6643295288086,16.4229125976563,,False,0,8.3166596083133,False,0,True,False,False,False,False
4.84,340.440887451172,23.5623016357422,22.2850761413574,12.0975894927979,13.4434795379639,24.7643299102783,16.4800662994385,,False,0,8.14233849520559,False,0,True,False,False,False,False
4.86,340.186187744141,23.4623012542725,22.3750648498535,12.0461559295654,13.3863248825073,24.864330291748,16.5372219085693,,False,0,7.97072736442574,False,0,True,False,False,False,False
4.88,339.95556640625,23.3623027801514,22.4650554656982,11.9947233200073,13.3291702270508,24.9643306732178,16.5943756103516,,False,0,7.80324851679991,False,0,True,False,False,False,False
4.9,339.762390136719,23.2623043060303,22.5550441741943,11.9432907104492,13.2720155715942,25.0643329620361,16.6515312194824,,False,0,7.64243579911979,False,0,True,False,False,False,False
4.92,339.619659423828,23.1623039245605,22.6450328826904,11.8918581008911,13.2148609161377,25.1643333435059,16.7086849212646,,False,0,7.49281319550196,False,0,True,False,False,False,False
4.94,339.529205322266,23.0623054504395,22.7350234985352,11.840425491333,13.1577062606812,25.2643337249756,16.7658405303955,,False,0,7.36223454733221,False,0,True,False,False,False,False
4.96,339.444763183594,22.9623050689697,22.8250122070313,11.7889928817749,13.1005516052246,25.3643341064453,16.8229942321777,,False,0,7.2621937940086,False,0,True,False,False,False,False
4.98,339.184936523438,22.8623065948486,22.9150009155273,11.7375602722168,13.0433969497681,25.4643363952637,16.8801498413086,,False,0,7.18922083024871,False,0,True,False,False,False,False
5,338.946807861328,22.7623043060303,23.0049915313721,11.6861276626587,12.9862422943115,25.5643367767334,16.9373035430908,,False,0,7.13651790876878,False,0,True,False,False,False,False
5.02,338.781036376953,22.6623077392578,23.0949802398682,11.6346950531006,12.929087638855,25.6643371582031,16.9944591522217,,False,0,7.12628826153639,False,0,True,False,False,False,False
5.04,338.59033203125,22.5623035430908,23.1849689483643,11.5832624435425,12.8719329833984,25.7643375396729,17.0516128540039,,False,0,7.130596650524,False,0,True,False,False,False,False
5.06,338.376007080078,22.3767127990723,23.2611141204834,11.5248794555664,12.8306684494019,25.8966178894043,17.1303043365479,,False,0,7.14261201974305,False,0.025000000372529,True,False,False,False,False
5.08,338.056762695313,22.2767105102539,23.3509368896484,11.4732799530029,12.7732229232788,25.996618270874,17.1877498626709,,False,0,7.15923892163326,False,0,True,False,False,False,False
5.1,337.813262939453,22.5206127166748,23.4973335266113,11.4496078491211,12.6533699035645,25.9677219390869,17.1592922210693,,False,0,7.17859039538305,False,-0.100000001490116,True,False,False,False,False
5.12,337.919494628906,22.5081386566162,23.6023406982422,11.4057817459106,12.5817947387695,26.0358810424805,17.194372177124,,False,0,7.199094460442,False,-0.025000000372529,True,False,False,False,False
5.14,337.760192871094,22.4960708618164,23.7077026367188,11.362154006958,12.5106706619263,26.1041202545166,17.2292308807373,,False,0,7.22059495167476,False,-0.025000000372529,True,False,False,False,False
5.16,337.600158691406,22.4844093322754,23.8134155273438,11.3399648666382,12.4399976730347,26.172435760498,17.2638683319092,,False,0,7.24274388768107,False,-0.025000000372529,True,False,False,False,False
5.18,337.440338134766,22.384407043457,23.9044017791748,11.2895307540894,12.3845672607422,26.2724361419678,17.319299697876,,False,0,7.26533200717486,False,0,True,False,False,False,False
5.2,337.190887451172,22.3727607727051,24.0105285644531,11.2462797164917,12.3144092559814,26.3407154083252,17.3536491394043,,False,0,7.28837820627792,False,-0.025000000372529,True,False,False,False,False
5.22,337.031799316406,22.361515045166,24.117015838623,11.203221321106,12.2446908950806,26.4090747833252,17.3877925872803,,False,0,7.31165998619325,False,-0.025000000372529,True,False,False,False,False
5.24,336.874176025391,22.3506946563721,24.2238636016846,11.1603670120239,12.1754198074341,26.477518081665,17.4217090606689,,False,0,7.33512816653784,False,-0.025000000372529,True,False,False,False,False
5.26,336.718139648438,22.3403015136719,24.3310680389404,11.1177129745483,12.1065921783447,26.5460414886475,17.4554080963135,,False,0,7.35874767171726,False,-0.025000000372529,True,False,False,False,False
5.28,336.563751220703,22.3303337097168,24.4386367797852,11.0752563476563,12.0382022857666,26.6146450042725,2.86295652389526,,False,0,7.38250059542785,False,-0.025000000372529,True,False,False,False,False
5.3,336.411071777344,22.4120960235596,24.5628204345703,11.0403957366943,11.956392288208,26.6522178649902,2.66481781005859,,False,0,7.40637079431171,False,-0.0500000007450581,True,False,False,False,False
5.32,336.353179931641,22.3120994567871,24.6549797058105,10.9911365509033,11.9029426574707,26.75221824646,2.51125335693359,,False,0,7.43019845675046,False,0,True,False,False,False,False
5.34,336.111938476563,22.3034362792969,24.7636489868164,10.949273109436,11.8358545303345,26.8210735321045,2.40087413787842,,False,0,7.45427492523789,False,-0.025000000372529,True,False,False,False,False
5.36,335.964569091797,22.3878746032715,24.8895397186279,10.9150915145874,11.7557888031006,26.8591461181641,2.31613731384277,,False,0,7.4784404482311,False,-0.0500000007450581,True,False,False,False,False
5.38,335.913208007813,22.4749908447266,25.0164604187012,10.8814344406128,11.6767530441284,26.8977870941162,2.24548172950745,,False,0,7.50254298269629,False,-0.0500000007450581,True,False,False,False,False
5.4,335.865112304688,22.8565788269043,25.1979274749756,10.8716831207275,11.5604124069214,26.8472557067871,2.19467735290527,,False,0,7.52657108663458,False,-0.125,True,False,False,False,False
5.42,336.102020263672,23.3636417388916,25.4031524658203,10.8723964691162,11.4356670379639,26.7723236083984,2.15249848365784,,False,0,7.55006515794537,False,-0.150000005960464,True,False,False,False,False
5.44,336.435791015625,23.7956771850586,25.5953025817871,10.8676738739014,11.32737159729,26.7312126159668,2.11292672157288,,False,0,7.572869685712,False,-0.125,True,False,False,False,False
5.46,336.680938720703,23.9152450561523,25.7311668395996,10.839111328125,11.2566213607788,26.775857925415,2.07361841201782,,False,0,7.59512823319051,False,-0.0500000007450581,True,False,False,False,False
5.48,336.654968261719,24.498987197876,25.9517822265625,10.8464670181274,11.1424331665039,26.7135753631592,2.04721689224243,,False,0,7.61728025394854,False,-0.150000005960464,True,False,False,False,False
5.5,336.998260498047,25.377046585083,26.2244739532471,10.8758640289307,11.0120210647583,26.6064529418945,2.0269615650177,,False,0,7.63872715297229,False,-0.200000002980232,True,False,False,False,False
5.52,337.524200439453,26.9100456237793,25.747371673584,10.9512767791748,10.8503761291504,26.4154624938965,2.01330709457397,,False,0,7.6591744086172,False,-0.300000011920929,True,False,False,False,False
5.54,338.401336669922,28.8509731292725,24.0580883026123,11.0497980117798,10.6935081481934,26.2261505126953,2.0012629032135,,False,0,7.67805294847909,False,-0.325000017881393,True,False,False,False,False
5.56,339.352355957031,28.8664360046387,22.9966087341309,11.1149015426636,10.5824375152588,26.1409645080566,1.98572194576263,,False,0,7.69524923184062,False,-0.225000008940697,True,False,False,False,False
5.58,339.956481933594,28.5150508880615,21.7512149810791,11.2255659103394,10.4571123123169,26.0125732421875,1.97444760799408,,False,0,7.71134318988247,False,-0.300000011920929,True,False,False,False,False
5.6,340.803771972656,28.1349010467529,20.4035606384277,11.3914890289307,10.3245067596436,25.8561573028564,1.96618592739105,,False,0,7.7259411594019,False,-0.375,True,False,False,False,False
5.62,341.879333496094,27.7168426513672,18.8916473388672,11.6575403213501,10.1821365356445,25.6628551483154,1.96228623390198,,False,0,7.73869859768386,False,-0.5,True,False,False,False,False
5.64,343.317901611328,27.455057144165,18.0878200531006,11.8269071578979,10.1005563735962,25.6125221252441,1.94976985454559,,False,0,7.74907414823182,False,-0.300000011920929,True,False,False,False,False
5.66,344.127746582031,27.1615905761719,17.0945796966553,12.106237411499,10.0106334686279,25.5313758850098,1.94241070747375,,False,0,7.75810270016087,False,-0.425000011920929,True,False,False,False,False
5.68,345.292755126953,26.932580947876,16.3687553405762,12.3602867126465,9.94776058197021,25.5096473693848,1.93162190914154,,False,0,7.7652810712609,False,-0.349999994039536,True,False,False,False,False
5.7,346.226409912109,26.6831359863281,15.3884029388428,12.8249349594116,9.88138580322266,25.4675025939941,1.92910444736481,,False,0,7.77101539781309,False,-0.550000011920929,True,False,False,False,False
5.72,347.698181152344,26.5141716003418,14.7667541503906,13.2071762084961,9.84873867034912,25.5013523101807,1.91877818107605,,False,0,7.774615478387,False,-0.400000005960464,True,False,False,False,False
5.74,348.741027832031,26.3807029724121,14.2791233062744,13.5785036087036,9.83245658874512,25.5689582824707,1.90576887130737,,False,0,7.7767852229845,False,-0.349999994039536,True,False,False,False,False
5.76,349.642639160156,26.2717838287354,13.9292278289795,13.8973684310913,9.82795143127441,25.6602020263672,1.88967943191528,,False,0,7.77778803534868,False,-0.275000005960464,True,False,False,False,False
5.78,350.345825195313,26.1807651519775,13.5508470535278,14.3092517852783,9.85321998596191,25.7688999176025,1.87665104866028,,False,0,7.77793329339667,False,-0.325000017881393,True,False,False,False,False
5.8,351.174835205078,26.1077156066895,13.2324686050415,14.7266359329224,9.86756896972656,25.8954124450684,1.86315786838531,,False,0,7.77713554745107,False,-0.300000011920929,True,False,False,False,False
5.82,351.93896484375,26.0242004394531,13.1123943328857,14.9170446395874,9.87970733642578,26.0117721557617,1.84538853168488,,False,0,7.77553628599729,False,-0.125,True,False,False,False,False
5.84,352.268280029297,25.9437370300293,12.9975852966309,15.1156930923462,9.89412784576416,26.1313209533691,1.83212375640869,,False,0,7.77362648025697,False,-0.125,True,False,False,False,False
5.86,352.599670410156,25.8813648223877,12.8179559707642,15.4438190460205,9.91698741912842,26.2692718505859,1.82394433021545,,False,0,7.77141792168079,False,-0.200000002980232,True,False,False,False,False
5.88,353.117706298828,25.8331050872803,12.627631187439,15.8368921279907,9.94722747802734,26.421875,1.81847178936005,,False,0,7.76875871871746,False,-0.225000008940697,True,False,False,False,False
5.9,353.698852539063,25.7802352905273,12.4920501708984,16.1670246124268,9.97750949859619,26.5701694488525,1.8151273727417,,False,0,7.76563214109362,False,-0.174999997019768,True,False,False,False,False
5.92,354.161193847656,25.7254066467285,12.38454246521,16.4687347412109,10.0085420608521,26.716817855835,1.81512403488159,,False,0,7.76217803878655,False,-0.150000005960464,True,False,False,False,False
5.94,354.565856933594,25.6925277709961,12.2441139221191,16.887279510498,10.0498313903809,26.8866710662842,1.81799793243408,,False,0,7.75846927087615,False,-0.200000002980232,True,False,False,False,False
5.96,355.093078613281,25.6480522155762,12.1499061584473,17.2270603179932,10.0882377624512,27.0449028015137,1.82457637786865,,False,0,7.75444902807037,False,-0.150000005960464,True,False,False,False,False
5.98,355.504119873047,25.5875053405762,12.0971364974976,17.4737300872803,10.1215114593506,27.1865940093994,1.8365079164505,,False,0,7.75022823642238,False,-0.100000001490116,True,False,False,False,False
6,355.799072265625,25.5395431518555,12.0292568206787,17.7868175506592,10.1608972549438,27.3420085906982,1.85254156589508,,False,0,7.74590046782626,False,-0.125,True,False,False,False,False
6.02,356.155609130859,25.4946384429932,11.9650897979736,18.1142406463623,10.2027549743652,27.501127243042,1.87316942214966,,False,0,7.741447653485,False,-0.125,True,False,False,False,False
6.04,356.514892578125,25.4648246765137,11.8879480361938,18.5195999145508,10.2520694732666,27.6770133972168,1.89697349071503,,False,0,7.73688953432678,False,-0.150000005960464,True,False,False,False,False
6.06,356.935943603516,25.4524192810059,11.7997188568115,19.0141220092773,10.3100891113281,27.872444152832,1.92314338684082,,False,0,7.73221929756511,False,-0.174999997019768,True,False,False,False,False
6.08,357.419189453125,25.4324340820313,11.7328615188599,19.4700813293457,10.3667192459106,28.0602741241455,1.95499777793884,,False,0,7.72744335345036,False,-0.150000005960464,True,False,False,False,False
6.1,357.847747802734,25.4315891265869,11.6557950973511,20.0270080566406,10.4329080581665,28.2699432373047,1.98902380466461,,False,0,7.72261628343736,False,-0.174999997019768,True,False,False,False,False
6.12,358.338562011719,25.3910522460938,11.6271257400513,20.3843517303467,10.4842472076416,28.4362049102783,2.03533411026001,,False,0,7.71775280912262,False,-0.100000001490116,True,False,False,False,False
6.14,358.658416748047,25.321496963501,11.6288223266602,20.5952930450439,10.5243892669678,28.5703811645508,2.09601092338562,,False,0,7.71292140455985,False,-0.0500000007450581,True,False,False,False,False
6.16,358.864196777344,25.2368659973145,11.6453266143799,20.7298030853271,10.5586681365967,28.6877632141113,2.17290949821472,,False,0,7.70815815608278,False,-0.025000000372529,True,False,False,False,False
6.18,359.013061523438,25.1679000854492,11.6480274200439,20.9477996826172,10.5999307632446,28.823127746582,2.26153516769409,,False,0,7.70347604588188,False,-0.0500000007450581,True,False,False,False,False
6.2,359.221130371094,25.0679016113281,11.6793413162231,21.0040035247803,10.6283702850342,28.9231281280518,2.38480353355408,,False,0,7.69887173534743,False,0,True,False,False,False,False
6.22,359.313934326172,24.9678993225098,11.7106561660767,21.0602073669434,10.6568098068237,29.0231285095215,2.55212998390198,,False,0,7.69436232730531,False,0,True,False,False,False,False
6.24,359.406860351563,24.8679027557373,11.7419710159302,21.1164093017578,10.6852502822876,29.1231269836426,2.83678770065308,,False,0,7.68994798870883,False,0,True,False,False,False,False
6.26,359.499877929688,24.7679004669189,11.7732858657837,21.1726131439209,10.7136898040771,29.2231273651123,16.338451385498,,False,0,7.68562888337102,False,0,True,False,False,False,False
6.28,359.592987060547,24.6679039001465,11.8046007156372,21.228816986084,10.742130279541,29.3231258392334,16.3100109100342,,False,0,7.68140517193533,False,0,True,False,False,False,False
6.3,359.686187744141,24.5679016113281,11.8359146118164,21.2850208282471,10.7705698013306,29.4231262207031,16.2815723419189,,False,0,7.67727701184676,False,0,True,False,False,False,False
6.32,359.779479980469,24.4679050445557,11.8672294616699,21.3412246704102,10.7990093231201,29.5231266021729,16.2531318664551,,False,0,7.67324455732352,False,0,True,False,False,False,False
6.34,359.872863769531,24.3679027557373,11.8985443115234,21.3974266052246,10.827449798584,29.6231250762939,16.2246913909912,,False,0,7.669307959329,False,0,True,False,False,False,False
6.36,359.966369628906,24.2679042816162,11.929859161377,21.4536304473877,10.8558893203735,29.7231254577637,16.196252822876,,False,0,7.66546736554449,False,0,True,False,False,False,False
6.38,0.0599315240979195,24.1381034851074,11.9901485443115,21.3423805236816,10.8706827163696,29.7865295410156,16.1481914520264,,False,0,7.66172292034212,False,0.0500000007450581,True,False,False,False,False
6.4,0.0368649177253246,24.0234603881836,12.0357179641724,21.3144702911377,10.8918972015381,29.8684177398682,16.1105651855469,,False,0,7.65807327771659,False,0.025000000372529,True,False,False,False,False
6.42,0.0707336142659187,23.9090137481689,12.0812168121338,21.286449432373,10.9129199981689,29.9504070281982,16.073278427124,,False,0,7.65451650577605,False,0.025000000372529,True,False,False,False,False
6.44,0.103936247527599,23.7947521209717,12.1266441345215,21.2583198547363,10.9337530136108,30.0325050354004,16.0363311767578,,False,0,7.65105127317547,False,0.025000000372529,True,False,False,False,False
6.46,0.136467203497887,23.6806812286377,12.1720008850098,21.2300872802734,10.9543952941895,30.1147041320801,15.9997205734253,,False,0,7.6476736165206,False,0.025000000372529,True,False,False,False,False
6.48,0.168327018618584,23.5806789398193,12.2020921707153,21.282470703125,10.9814310073853,30.2147064208984,15.9726915359497,,False,0,7.6443832662373,False,0,True,False,False,False,False
6.5,0.257878392934799,23.4668579101563,12.2474164962769,21.2539348602295,11.0018672943115,30.2969512939453,15.9364337921143,,False,0,7.64118073968684,False,0.025000000372529,True,False,False,False,False
6.52,0.289138853549957,23.3532238006592,12.2926712036133,21.2252902984619,11.0221166610718,30.3793048858643,15.9005107879639,,False,0,7.63806464264373,False,0.025000000372529,True,False,False,False,False
6.54,0.319717615842819,23.2532234191895,12.3223524093628,21.2764434814453,11.0486793518066,30.479305267334,15.873948097229,,False,0,7.63503104122106,False,0,True,False,False,False,False
6.56,0.407991945743561,23.1532230377197,12.3520345687866,21.3275947570801,11.0752429962158,30.5793056488037,15.8473844528198,,False,0,7.63208265748264,False,0,True,False,False,False,False
6.58,0.496338754892349,23.05322265625,12.3817167282104,21.3787479400635,11.1018056869507,30.6793060302734,15.820821762085,,False,0,7.62921959022798,False,0,True,False,False,False,False
6.6,0.584759950637817,22.9532222747803,12.4113988876343,21.4299011230469,11.1283693313599,30.7793064117432,15.7942581176758,,False,0,7.62644193554391,False,0,True,False,False,False,False
6.62,0.673254609107971,22.8532218933105,12.4410810470581,21.4810523986816,11.1549320220947,30.8793067932129,15.7676954269409,,False,0,7.62374978678867,False,0,True,False,False,False,False
6.64,0.761823058128357,22.7532215118408,12.4707622528076,21.532205581665,11.1814947128296,30.9793071746826,15.7411317825317,,False,0,7.62114323457648,False,0,True,False,False,False,False
6.66,0.850464105606079,22.6532211303711,12.5004444122314,21.5833587646484,11.2080564498901,31.0793075561523,15.6934471130371,,False,0,7.61862236676254,False,0,True,False,False,False,False
6.68,0.939178645610809,22.5401744842529,12.5458879470825,21.5532684326172,11.228006362915,31.1613655090332,15.6579828262329,,False,0,7.61618726842843,False,0.025000000372529,True,False,False,False,False
6.7,0.969519436359406,22.4273052215576,12.5912647247314,21.5230903625488,11.2477693557739,31.2435340881348,15.6228485107422,,False,0,7.61382895872674,False,0.025000000372529,True,False,False,False,False
6.72,0.999164819717407,22.3273048400879,12.6205320358276,21.5730247497559,11.2738637924194,31.3435325622559,15.5967540740967,,False,0,7.61154821081603,False,0,True,False,False,False,False
6.74,1.08654928207397,22.2021598815918,12.682056427002,21.4628772735596,11.2869501113892,31.408145904541,15.5533628463745,,False,0,7.60935055487068,False,0.0500000007450581,True,False,False,False,False
6.76,1.05709517002106,22.0898208618164,12.7272272109985,21.4324340820313,11.3061542510986,31.4906539916992,15.5192241668701,,False,0,7.60721650677721,False,0.025000000372529,True,False,False,False,False
6.78,1.08462393283844,21.9776611328125,12.77232837677,21.401891708374,11.3251705169678,31.5732727050781,15.4854173660278,,False,0,7.60515381807212,False,0.025000000372529,True,False,False,False,False
6.8,1.11143350601196,21.8420448303223,12.8508787155151,21.2169017791748,11.3315210342407,31.6219787597656,15.4355564117432,,False,0,7.60316123609321,False,0.0750000029802322,True,False,False,False,False
6.82,1.02064418792725,21.7420444488525,12.8786821365356,21.2627201080322,11.3559913635254,31.7219791412354,15.4110851287842,,False,0,7.60121970361643,False,0,True,False,False,False,False
6.84,1.10295534133911,21.6305103302002,12.9234733581543,21.2320041656494,11.3742837905884,31.8051147460938,15.3785753250122,,False,0,7.59935179502562,False,0.025000000372529,True,False,False,False,False
6.86,1.12685823440552,21.4857444763184,13.0202512741089,20.9768867492676,11.3743734359741,31.8391227722168,15.3230314254761,,False,0,7.59754659377851,False,0.100000001490116,True,False,False,False,False
6.88,0.97471284866333,21.3535099029541,13.1001319885254,20.8006687164307,11.3801689147949,31.8912391662598,15.2771253585815,,False,0,7.59577699998947,False,0.0750000029802322,True,False,False,False,False
6.9,0.878028452396393,21.2224369049072,13.1804857254028,20.627779006958,11.3857841491699,31.9447135925293,15.2326583862305,,False,0,7.59405273837481,False,0.0750000029802322,True,False,False,False,False
6.92,0.779126942157745,21.1224384307861,13.2059316635132,20.6675281524658,11.4077253341675,32.0447120666504,15.2107172012329,,False,0,7.59237120481818,False,0,True,False,False,False,False
6.94,0.853228092193604,21.022439956665,13.2313776016235,20.7072792053223,11.4296655654907,32.1447105407715,15.1887769699097,,False,0,7.59074933716581,False,0,True,False,False,False,False
6.96,0.927371084690094,20.9124431610107,13.2752408981323,20.6763725280762,11.4460229873657,32.2293968200684,15.1597480773926,,False,0,7.5891871736709,False,0.025000000372529,True,False,False,False,False
6.98,0.943118095397949,20.7928771972656,13.3377199172974,20.5757312774658,11.4567222595215,32.2991714477539,15.1241178512573,,False,0,7.58767378704668,False,0.0500000007450581,True,False,False,False,False
7,0.899704098701477,20.6738357543945,13.4003047943115,20.476053237915,11.4671897888184,32.3695220947266,15.0892734527588,,False,0,7.58620333953995,False,0.0500000007450581,True,False,False,False,False
7.02,0.854801833629608,20.5553131103516,13.462984085083,20.3772983551025,11.4774150848389,32.4404487609863,15.0552196502686,,False,0,7.58477605722194,False,0.0500000007450581,True,False,False,False,False
7.04,0.808410704135895,20.4462585449219,13.5062713623047,20.3461685180664,11.4925546646118,32.526123046875,15.0283737182617,,False,0,7.58338848552368,False,0.025000000372529,True,False,False,False,False
7.06,0.818941533565521,20.3373508453369,13.5494956970215,20.3149604797363,11.5075187683105,32.6119155883789,15.0018358230591,,False,0,7.58204675378255,False,0.025000000372529,True,False,False,False,False
7.08,0.828737318515778,20.2199306488037,13.6124620437622,20.2177753448486,11.5172576904297,32.6839179992676,14.9693603515625,,False,0,7.58074544127177,False,0.0500000007450581,True,False,False,False,False
7.1,0.77938312292099,20.111421585083,13.6554489135742,20.1864204406738,11.531702041626,32.7701301574707,14.9437522888184,,False,0,7.57947981144084,False,0.025000000372529,True,False,False,False,False
7.12,0.786945998668671,20.0030555725098,13.69837474823,20.154993057251,11.545973777771,32.8564643859863,14.9184503555298,,False,0,7.5782540154837,False,0.025000000372529,True,False,False,False,False
7.14,0.79377269744873,19.8948345184326,13.7412242889404,20.1234607696533,11.5600652694702,32.942928314209,14.8934698104858,,False,0,7.57707023231484,False,0.025000000372529,True,False,False,False,False
7.16,0.79984724521637,19.7787761688232,13.8045835494995,20.0280990600586,11.5691995620728,33.0162734985352,14.8629512786865,,False,0,7.57592371553015,False,0.0500000007450581,True,False,False,False,False
7.18,0.746773540973663,19.663200378418,13.868067741394,19.9335670471191,11.5781059265137,33.0902099609375,14.8331985473633,,False,0,7.57480711364676,False,0.0500000007450581,True,False,False,False,False
7.2,0.692196071147919,19.5481014251709,13.9316825866699,19.8398456573486,11.586784362793,33.164737701416,14.8042078018188,,False,0,7.57372171935682,False,0.0500000007450581,True,False,False,False,False
7.22,0.636126816272736,19.4481010437012,13.9526519775391,19.8696556091309,11.6041927337646,33.2647399902344,14.7867994308472,,False,0,7.57266396953321,False,0,True,False,False,False,False
7.24,0.695356547832489,19.3335494995117,14.0164556503296,19.7765293121338,11.6126251220703,33.3397827148438,14.7585878372192,,False,0,7.57164426593234,False,0.0500000007450581,True,False,False,False,False
7.26,0.637794613838196,19.2264537811279,14.0586166381836,19.7445678710938,11.6251831054688,33.4275245666504,14.7363405227661,,False,0,7.57065267061727,False,0.025000000372529,True,False,False,False,False
7.28,0.637130379676819,19.1194934844971,14.1007041931152,19.7125186920166,11.6375608444214,33.5153923034668,14.7144031524658,,False,0,7.56968961445012,False,0.025000000372529,True,False,False,False,False
7.3,0.635713219642639,19.0059299468994,14.164849281311,19.6207523345947,11.645528793335,33.5915679931641,14.6877155303955,,False,0,7.5687580159984,False,0.0500000007450581,True,False,False,False,False
7.32,0.57514750957489,18.8993282318115,14.2067079544067,19.5885486602783,11.6574010848999,33.6798706054688,14.6666812896729,,False,0,7.56784797003909,False,0.025000000372529,True,False,False,False,False
7.34,0.571476519107819,18.7928504943848,14.2485027313232,19.556266784668,11.6691045761108,33.768310546875,14.6459474563599,,False,0,7.56696520810153,False,0.025000000372529,True,False,False,False,False
7.36,0.567048847675323,18.6865081787109,14.2902307510376,19.5238990783691,11.6806354522705,33.8568801879883,14.6255178451538,,False,0,7.56610892316787,False,0.025000000372529,True,False,False,False,False
7.38,0.561879873275757,18.580286026001,14.3318901062012,19.491455078125,11.6919937133789,33.9455871582031,14.6053905487061,,False,0,7.56528107773118,False,0.025000000372529,True,False,False,False,False
7.4,0.555954039096832,18.4741954803467,14.3734893798828,19.4589385986328,11.7031888961792,34.0344276428223,14.5855598449707,,False,0,7.56447710576275,False,0.025000000372529,True,False,False,False,False
7.42,0.549285709857941,18.3682250976563,14.415018081665,19.4263362884521,11.7142086029053,34.1234092712402,14.5660333633423,,False,0,7.56369902277546,False,0.025000000372529,True,False,False,False,False
7.44,0.54185825586319,18.256628036499,14.4799451828003,19.3369922637939,11.7212505340576,34.2018089294434,14.5423717498779,,False,0,7.56294228209616,False,0.0500000007450581,True,False,False,False,False
7.46,0.475291460752487,18.1509952545166,14.5212450027466,19.3042278289795,11.731764793396,34.2912292480469,14.5237398147583,,False,0,7.5622055172582,False,0.025000000372529,True,False,False,False,False
7.48,0.465597450733185,18.0509967803955,14.5386695861816,19.3273506164551,11.7458181381226,34.391227722168,14.5096912384033,,False,0,7.56149061956882,False,0,True,False,False,False,False
7.5,0.513539791107178,17.9509983062744,14.5560941696167,19.3504753112793,11.7598705291748,34.4912300109863,14.4956388473511,,False,0,7.56080062606577,False,0,True,False,False,False,False
7.52,0.561493694782257,17.840181350708,14.6214084625244,19.2618198394775,11.7665576934814,34.5704040527344,14.4731101989746,,False,0,7.56013554356788,False,0.0500000007450581,True,False,False,False,False
7.54,0.492672592401505,17.7297801971436,14.6868934631348,19.1738300323486,11.7730255126953,34.6501998901367,14.4513177871704,,False,0,7.55948489682903,False,0.0500000007450581,True,False,False,False,False
7.56,0.422344982624054,17.6197853088379,14.7525491714478,19.0864906311035,11.7792749404907,34.7306213378906,14.4302654266357,,False,0,7.55885018589467,False,0.0500000007450581,True,False,False,False,False
7.58,0.350497901439667,17.5149421691895,14.7933645248413,19.0532455444336,11.7886171340942,34.8210639953613,14.4137144088745,,False,0,7.5582296289464,False,0.025000000372529,True,False,False,False,False
7.6,0.335514426231384,17.4149417877197,14.8090753555298,19.0734462738037,11.8011150360107,34.9210662841797,14.4012155532837,,False,0,7.55762716711723,False,0,True,False,False,False,False
7.62,0.378159016370773,17.31494140625,14.8247861862183,19.0936450958252,11.8136138916016,35.0210647583008,14.3887176513672,,False,0,7.55704440483167,False,0,True,False,False,False,False
7.64,0.420811504125595,17.2011756896973,14.9162559509277,18.9541187286377,11.8163051605225,35.0931663513184,14.3651676177979,,False,0,7.55648134664746,False,0.0750000029802322,True,False,False,False,False
7.66,0.2883220911026,17.0924758911133,14.9825649261475,18.8684253692627,11.8218822479248,35.1753730773926,14.3463249206543,,False,0,7.55592750453992,False,0.0500000007450581,True,False,False,False,False
7.68,0.211947858333588,16.9882736206055,15.0229730606079,18.834789276123,11.8302345275879,35.2667083740234,14.3315315246582,,False,0,7.55538735124082,False,0.025000000372529,True,False,False,False,False
7.7,0.192432627081871,16.8841762542725,15.0633106231689,18.8010730743408,11.8384170532227,35.3581962585449,14.3170366287231,,False,0,7.55486335853456,False,0.025000000372529,True,False,False,False,False
7.72,0.172156646847725,16.7801914215088,15.1035852432251,18.7672882080078,11.8464365005493,35.4498291015625,14.302830696106,,False,0,7.55435078875992,False,0.025000000372529,True,False,False,False,False
7.74,0.151121869683266,16.6801891326904,15.1172904968262,18.7842884063721,11.8571662902832,35.5498313903809,14.2920999526978,,False,0,7.55385251111753,False,0,True,False,False,False,False
7.76,0.187706023454666,16.5763282775879,15.1575202941895,18.7503795623779,11.8650131225586,35.6415901184082,14.2781963348389,,False,0,7.55336872825242,False,0.025000000372529,True,False,False,False,False
7.78,0.165915101766586,16.4725704193115,15.1976861953735,18.716402053833,11.8726987838745,35.7335014343262,14.2645807266235,,False,0,7.55289803172561,False,0.025000000372529,True,False,False,False,False
7.8,0.143365398049355,16.36891746521,15.2603454589844,18.6823463439941,11.8802146911621,35.8255615234375,14.2512607574463,,False,0,7.55243953437067,False,0.025000000372529,True,False,False,False,False
7.82,0.120055146515369,16.2653656005859,15.3042335510254,18.6482238769531,11.8875684738159,35.9177742004395,14.2382287979126,,False,0,7.55199236773322,False,0.025000000372529,True,False,False,False,False
7.84,0.0959858000278473,16.1619129180908,15.3442544937134,18.6140289306641,11.8947582244873,36.010139465332,14.225489616394,,False,0,7.55155947975263,False,0.025000000372529,True,False,False,False,False
7.86,0.0711687877774239,16.0585632324219,15.3842134475708,18.5797672271729,11.9017858505249,36.1026573181152,14.2130365371704,,False,0,7.55113588729244,False,0.025000000372529,True,False,False,False,False
7.88,0.0455923601984978,15.9585628509521,15.3963766098022,18.5944576263428,11.9111967086792,36.2026557922363,14.2036266326904,,False,0,7.55072494123318,False,0,True,False,False,False,False
7.9,0.0776324272155762,15.8521718978882,15.4642162322998,18.5113639831543,11.9155645370483,36.2881393432617,14.1887903213501,,False,0,7.55032510893769,False,0.0500000007450581,True,False,False,False,False
7.92,359.992919921875,15.7521705627441,15.4758577346802,18.5252990722656,11.9245338439941,36.3881416320801,14.1798210144043,,False,0,7.54993354957316,False,0,True,False,False,False,False
7.94,0.0234399773180485,15.6521692276001,15.4874982833862,18.539234161377,11.9335041046143,36.4881439208984,14.1708507537842,,False,0,7.54955207239778,False,0,True,False,False,False,False
7.96,0.0539612211287022,15.5462017059326,15.5556468963623,18.4565334320068,11.9376516342163,36.5742111206055,14.1567401885986,,False,0,7.54918067893996,False,0.0500000007450581,True,False,False,False,False
7.98,359.967742919922,15.4433517456055,15.5952997207642,18.4218730926514,11.9438533782959,36.6674880981445,14.1457452774048,,False,0,7.54881883907256,False,0.025000000372529,True,False,False,False,False
8,359.938354492188,15.3379030227661,15.6638145446777,18.3399314880371,11.947681427002,36.7545433044434,14.1327095031738,,False,0,7.54846940663359,False,0.0500000007450581,True,False,False,False,False
8.02,359.849853515625,15.2379016876221,15.6741342544556,18.3520126342773,11.9555521011353,36.8545455932617,14.1248388290405,,False,0,7.54812716566335,False,0,True,False,False,False,False
8.04,359.876556396484,15.1378993988037,15.6844530105591,18.3640956878662,11.9634237289429,36.9545478820801,14.1169672012329,,False,0,7.54779264882788,False,0,True,False,False,False,False
8.059999,359.903289794922,15.0378980636597,15.694766998291,18.3761711120605,11.9712944030762,37.0545501708984,14.1090965270996,,False,0,7.54746585715423,False,0,True,False,False,False,False
8.08,359.929992675781,14.9378967285156,15.7050867080688,18.3882541656494,11.9791660308838,37.1545486450195,14.1012258529663,,False,0,7.54714679164589,False,0,True,False,False,False,False
8.099999,359.956726074219,14.8378953933716,15.7154064178467,18.4003372192383,11.9870367050171,37.2545509338379,14.093355178833,,False,0,7.5468354532828,False,0,True,False,False,False,False
8.12,359.983428955078,14.7378931045532,15.7257251739502,18.4124183654785,11.9949083328247,37.3545532226563,14.0854835510254,,False,0,7.54653184302134,False,0,True,False,False,False,False
8.139999,0.0101690990850329,14.6378917694092,15.736044883728,18.4245014190674,12.002779006958,37.4545555114746,14.0776138305664,,False,0,7.54623596179429,False,0,True,False,False,False,False
8.16,0.0368974544107914,14.5378904342651,15.7463636398315,18.4365825653076,12.0106496810913,37.554557800293,14.0697431564331,,False,0,7.54594781051081,False,0,True,False,False,False,False
8.179999,0.063627690076828,14.4354343414307,15.7859649658203,18.4015064239502,12.0163564682007,37.648193359375,14.0596208572388,,False,0,7.54566739005649,False,0.025000000372529,True,False,False,False,False
8.2,0.0319845303893089,14.3330640792847,15.8254957199097,18.3663539886475,12.0218954086304,37.7419967651367,14.0497913360596,,False,0,7.54539580679227,False,0.025000000372529,True,False,False,False,False
8.22,-0.000419732474256307,14.2330646514893,15.8352794647217,18.3777084350586,12.0293283462524,37.8419952392578,14.0423603057861,,False,0,7.54513241845437,False,0,True,False,False,False,False
8.24,0.0247901044785976,14.1307945251465,15.8747720718384,18.3424644470215,12.0347080230713,37.9359474182129,14.0328159332275,,False,0,7.54487590591272,False,0.025000000372529,True,False,False,False,False
8.26,359.991638183594,14.0286064147949,15.9141979217529,18.307149887085,12.0399227142334,38.0300712585449,14.0235652923584,,False,0,7.54462675740894,False,0.025000000372529,True,False,False,False,False
8.28,359.957702636719,13.9244651794434,15.9838676452637,18.2260684967041,12.0430879592896,38.1188278198242,14.0126972198486,,False,0,7.54438056320296,False,0.0500000007450581,True,False,False,False,False
8.3,359.864624023438,13.8206195831299,16.0537967681885,18.1454792022705,12.0460472106934,38.2082901000977,14.0025367736816,,False,0,7.54414472513344,False,0.0500000007450581,True,False,False,False,False
8.32,359.77001953125,13.7170648574829,16.1239929199219,18.0653705596924,12.0487976074219,38.2984619140625,13.9930849075317,,False,0,7.54391406641221,False,0.0500000007450581,True,False,False,False,False
8.34,359.673889160156,13.6170654296875,16.1315898895264,18.0738830566406,12.0544748306274,38.3984603881836,13.9874057769775,,False,0,7.54369517722021,False,0,True,False,False,False,False
8.36,359.692993164063,13.5154123306274,16.1705379486084,18.0381526947021,12.058557510376,38.4937896728516,13.9801607131958,,False,0,7.54348023535866,False,0.025000000372529,True,False,False,False,False
8.38,359.653717041016,13.4154138565063,16.1778602600098,17.9901027679443,12.0640172958374,38.5937881469727,13.9747018814087,,False,0,7.54327251936056,False,0,True,False,False,False,False
8.4,359.672058105469,13.3154153823853,16.1851806640625,17.8560047149658,12.0694761276245,38.6937866210938,13.9692420959473,,False,0,7.54306844262489,False,0,True,False,False,False,False
8.42,359.690399169922,13.2154169082642,16.1925010681152,17.7219066619873,12.0749359130859,38.7937850952148,13.9637832641602,,False,0,7.54286800544705,False,0,True,False,False,False,False
8.44,359.708740234375,13.1154184341431,16.1998233795166,17.5878086090088,12.080394744873,38.8937835693359,13.9583225250244,,False,0,7.54267120811719,False,0,True,False,False,False,False
8.46,359.727111816406,13.015419960022,16.2071437835693,17.4537105560303,12.0858545303345,38.993782043457,13.9528636932373,,False,0,7.54247805092022,False,0,True,False,False,False,False
8.48,359.745452880859,12.9154214859009,16.2144641876221,17.3196125030518,12.0913133621216,39.0937805175781,13.9474048614502,,False,0,7.5422885341358,False,0,True,False,False,False,False
8.5,359.763793945313,12.8154230117798,16.2217864990234,17.1855144500732,12.096773147583,39.1937789916992,13.9419450759888,,False,0,7.54210265803837,False,0,True,False,False,False,False
8.52,359.782135009766,12.715425491333,16.2291069030762,17.0514163970947,12.1022319793701,39.2937774658203,13.9364862442017,,False,0,7.54192042289711,False,0,True,False,False,False,False
8.54,359.800506591797,12.6154270172119,16.2364273071289,16.9173183441162,12.1076917648315,39.3937759399414,13.9310255050659,,False,0,7.54174182897595,False,0,True,False,False,False,False
8.559999,359.81884765625,12.5154285430908,16.2437477111816,16.7832202911377,12.1131505966187,39.4937744140625,13.9255666732788,,False,0,7.54156687653359,False,0,True,False,False,False,False
8.58,359.837188720703,12.4154300689697,16.251070022583,16.6491222381592,12.1186103820801,39.5937728881836,13.9201078414917,,False,0,7.54139556582344,False,0,True,False,False,False,False
8.599999,359.855560302734,12.3154315948486,16.2583904266357,16.5150241851807,12.1240692138672,39.6937713623047,13.9146490097046,,False,0,7.5412278970937,False,0,True,False,False,False,False
8.62,359.873901367188,12.2154331207275,16.2657108306885,16.3809261322021,12.1295289993286,39.7937698364258,13.9091892242432,,False,0,7.54106387058729,False,0,True,False,False,False,False
8.639999,359.892272949219,12.1154346466064,16.2730331420898,16.2468280792236,12.1349878311157,39.8937683105469,13.9037303924561,,False,0,7.54090348654191,False,0,True,False,False,False,False
8.66,359.910614013672,12.0154361724854,16.2803535461426,16.1127300262451,12.1404466629028,39.993766784668,13.8982696533203,,False,0,7.54074674518993,False,0,True,False,False,False,False
8.679999,359.928985595703,11.9154376983643,16.2876739501953,15.9786310195923,12.1459064483643,40.0937652587891,13.8928108215332,,False,0,7.54059364675853,False,0,True,False,False,False,False
8.7,359.947326660156,11.8154392242432,16.294994354248,15.8445329666138,12.1513652801514,40.1937637329102,13.8873519897461,,False,0,7.54044419146962,False,0,True,False,False,False,False
8.72,359.965698242188,11.7154407501221,16.3023166656494,15.7104301452637,12.1568250656128,40.2937622070313,13.8818941116333,,False,0,7.54029837953978,False,0,True,False,False,False,False
8.74,359.984039306641,11.615442276001,16.3096370697021,15.5763320922852,12.1622829437256,40.3937606811523,13.8764343261719,,False,0,7.54015621118043,False,0,True,False,False,False,False
8.76,0.00239975564181805,11.5154438018799,16.3169574737549,15.4422340393066,12.167742729187,40.4937591552734,13.8709745407104,,False,0,7.54001768659766,False,0,True,False,False,False,False
8.78,0.0207583494484425,11.4154462814331,16.3242797851563,15.3081359863281,12.1732015609741,40.5937576293945,13.865514755249,,False,0,7.53988280599227,False,0,True,False,False,False,False
8.8,0.0391177162528038,11.315447807312,16.331600189209,15.1740379333496,12.1786613464355,40.6937561035156,13.8600568771362,,False,0,7.53975156955984,False,0,True,False,False,False,False
8.82,0.0574777349829674,11.2154493331909,16.3389205932617,15.0399398803711,12.1841201782227,40.7937545776367,13.8545989990234,,False,0,7.5396239774907,False,0,True,False,False,False,False
8.84,0.0758384168148041,11.1154508590698,16.3462409973145,14.9058418273926,12.1895799636841,40.8937530517578,13.849139213562,,False,0,7.53950002996982,False,0,True,False,False,False,False
8.86,0.0941996425390244,11.0154523849487,16.3535633087158,14.7717437744141,12.1950387954712,40.9937515258789,13.8436794281006,,False,0,7.53937972717698,False,0,True,False,False,False,False
8.88,0.112561628222466,10.9154539108276,16.3608837127686,14.6376457214355,12.2004985809326,41.09375,13.8382205963135,,False,0,7.53926306928663,False,0,True,False,False,False,False
8.9,0.130924165248871,10.8154554367065,16.3682041168213,14.503547668457,12.2059574127197,41.1937484741211,13.8327608108521,,False,0,7.53915005646801,False,0,True,False,False,False,False
8.92,0.149287387728691,10.7154569625854,16.3755264282227,14.3694496154785,12.2114171981812,41.2937469482422,13.8273029327393,,False,0,7.53904068888499,False,0,True,False,False,False,False
8.94,0.16765122115612,10.6154584884644,16.3828468322754,14.2353515625,12.216872215271,41.3937454223633,13.8218421936035,,False,0,7.53893496669627,False,0,True,False,False,False,False
8.96,0.186015859246254,10.5154600143433,16.3901615142822,14.1012535095215,12.2223320007324,41.4937438964844,13.8163833618164,,False,0,7.53883289005518,False,0,True,False,False,False,False
8.98,0.204380914568901,10.4154615402222,16.3974838256836,13.967155456543,12.2277908325195,41.5937423706055,13.810923576355,,False,0,7.53873445910981,False,0,True,False,False,False,False
9,0.222746685147285,10.3154621124268,16.4048042297363,13.8330574035645,12.233250617981,41.6937408447266,13.8054647445679,,False,0,7.53863967400297,False,0,True,False,False,False,False
9.02,0.241113036870956,10.2154636383057,16.4121246337891,13.6989593505859,12.2387094497681,41.7937393188477,13.8000040054321,,False,0,7.53854853487217,False,0,True,False,False,False,False
9.04,0.259480059146881,10.1154661178589,16.4194469451904,13.5648612976074,12.2441692352295,41.8937377929688,13.7945470809937,,False,0,7.53846104184967,False,0,True,False,False,False,False
9.059999,0.277847707271576,10.0154676437378,16.4267673492432,13.4307632446289,12.2496280670166,41.9937362670898,13.7890863418579,,False,0,7.53837719506243,False,0,True,False,False,False,False
9.08,0.296215832233429,9.9154691696167,16.4340877532959,13.2966651916504,12.2550868988037,42.0937347412109,13.7836275100708,,False,0,7.53829699463205,False,0,True,False,False,False,False
9.099999,0.314584672451019,9.81547069549561,16.4414100646973,13.1625671386719,12.2605457305908,42.193733215332,13.7781677246094,,False,0,7.538220440675,False,0,True,False,False,False,False
9.12,0.332954287528992,9.71547222137451,16.44873046875,13.0284690856934,12.2660055160522,42.2937316894531,13.7727088928223,,False,0,7.53814753330233,False,0,True,False,False,False,False
9.139999,0.351324260234833,9.61547374725342,16.4560508728027,12.8943710327148,12.2714643478394,42.3937301635742,13.7672500610352,,False,0,7.53807827261986,False,0,True,False,False,False,False
9.16,0.369694799184799,9.51547527313232,16.4633712768555,12.7602729797363,12.2769241333008,42.4937286376953,13.761791229248,,False,0,7.53801265872811,False,0,True,False,False,False,False
9.179999,0.388065993785858,9.41547679901123,16.4706935882568,12.6261749267578,12.2823829650879,42.5937271118164,13.7563314437866,,False,0,7.5379506917223,False,0,True,False,False,False,False
9.2,0.406437814235687,9.31547832489014,16.4780139923096,12.4920768737793,12.2878427505493,42.6937255859375,13.7508726119995,,False,0,7.53789237169238,False,0,True,False,False,False,False
9.22,0.424810200929642,9.21548080444336,16.4853343963623,12.3579788208008,12.2933015823364,42.7937240600586,13.7454109191895,,False,0,7.537837698723,False,0,True,False,False,False,False
9.24,0.443183183670044,9.11548233032227,16.4926567077637,12.2238807678223,12.2987613677979,42.8937225341797,13.7399520874023,,False,0,7.53778667289351,False,0,True,False,False,False,False
9.26,0.461556822061539,9.01548385620117,16.4999771118164,12.0897827148438,12.3042192459106,42.9937171936035,13.7344932556152,,False,0,7.53773929427798,False,0,True,False,False,False,False
9.28,0.479930937290192,8.91548538208008,16.5073089599609,11.9556846618652,12.3096790313721,43.0937156677246,13.7290334701538,,False,0,7.53769556294519,False,0,True,False,False,False,False
9.3,0.498305678367615,8.8154878616333,16.5146293640137,11.8215866088867,12.3151378631592,43.1937141418457,13.7235736846924,,False,0,7.53765547895861,False,0,True,False,False,False,False
9.32,0.516694366931915,8.71548938751221,16.5219497680664,11.6874885559082,12.3205976486206,43.2937126159668,13.7181148529053,,False,0,7.53761890897489,False,0,True,False,False,False,False
9.34,0.535083413124084,8.61549091339111,16.5292701721191,11.5533905029297,12.3260545730591,43.3937110900879,13.7126550674438,,False,0,7.53758599175447,False,0,True,False,False,False,False
9.36,0.553473174571991,8.51549243927002,16.5365924835205,11.4192924499512,12.3315143585205,43.493709564209,13.7071962356567,,False,0,7.53755672734522,False,0,True,False,False,False,False
9.38,0.571850001811981,8.4145040512085,16.576192855835,11.3073263168335,12.3353996276855,43.5886268615723,13.700270652771,,False,0,7.53753124122906,False,0.025000000372529,True,False,False,False,False
9.4,0.531831383705139,8.3145055770874,16.5832366943359,11.1729497909546,12.3406410217285,43.6886253356934,13.6950302124023,,False,0,7.53750496660019,False,0,True,False,False,False,False
9.42,0.5494584441185,8.21450710296631,16.5902786254883,11.0385732650757,12.3458814620972,43.7886238098145,13.6897888183594,,False,0,7.53748192264404,False,0,True,False,False,False,False
9.44,0.567086040973663,8.11450958251953,16.5973224639893,10.9041967391968,12.3511228561401,43.8886222839355,13.6845483779907,,False,0,7.53746223483276,False,0,True,False,False,False,False
9.46,0.584700703620911,8.01451110839844,16.6043643951416,10.7698202133179,12.3563632965088,43.9886207580566,13.6793069839478,,False,0,7.5374460184591,False,0,True,False,False,False,False
9.48,0.60231602191925,7.91451263427734,16.6114082336426,10.6354446411133,12.3616037368774,44.0886192321777,13.6740665435791,,False,0,7.53743315319162,False,0,True,False,False,False,False
9.5,0.619944930076599,7.81451463699341,16.6184501647949,10.5010681152344,12.3668441772461,44.1886177062988,13.6688251495361,,False,0,7.53742352886592,False,0,True,False,False,False,False
9.52,0.631628334522247,7.71364212036133,16.6580791473389,10.3871040344238,12.3705711364746,44.2836685180664,13.6621856689453,,False,0,7.47779459231876,False,0.025000000372529,True,False,False,False,False
9.54,0.581851661205292,7.61364364624023,16.6648426055908,10.2524471282959,12.3755931854248,44.3836669921875,13.6571636199951,,False,0,7.38589455438817,False,0,True,False,False,False,False
9.559999,0.589257895946503,7.51282835006714,16.7044239044189,10.1378011703491,12.3791561126709,44.4789085388184,13.6508111953735,,False,0,7.28753940954931,False,0.025000000372529,True,False,False,False,False
9.58,0.538302302360535,7.41282844543457,16.7109069824219,10.0028619766235,12.383960723877,44.5789070129395,13.6460075378418,,False,0,7.18788672324487,False,0,True,False,False,False,False
9.599999,0.545141458511353,7.31282901763916,16.7173900604248,9.86792373657227,12.388765335083,44.6789054870605,13.6412057876587,,False,0,7.08797902003109,False,0,True,False,False,False,False
9.62,0.552171170711517,7.21207904815674,16.7569446563721,9.75231838226318,12.3921689987183,44.7743339538574,13.6351337432861,,False,0,6.98802223262203,False,0.025000000372529,True,False,False,False,False
9.639999,0.500937461853027,7.11207866668701,16.7631454467773,9.61709594726563,12.3967561721802,44.8743324279785,13.6305475234985,,False,0,6.88804509459216,False,0,True,False,False,False,False
9.66,0.507522881031036,7.0120792388916,16.7693481445313,9.48187351226807,12.4013414382935,44.9743347167969,13.6259613037109,,False,0,6.78806837242232,False,0,True,False,False,False,False
9.679999,0.514320373535156,6.91207885742188,16.7755470275879,9.34664249420166,12.4059276580811,45.074333190918,13.6213750839233,,False,0,6.68809198429104,False,0,True,False,False,False,False
9.7,0.521324157714844,6.81140613555908,16.815071105957,9.22980213165283,12.4091644287109,45.1699333190918,13.6155967712402,,False,0,6.58811605247077,False,0.025000000372529,True,False,False,False,False
9.719999,0.470013588666916,6.71140766143799,16.8209857940674,9.09429931640625,12.4135293960571,45.2699317932129,13.6112327575684,,False,0,6.488138683116,False,0,True,False,False,False,False
9.74,0.476529389619827,6.61078405380249,16.8604698181152,8.9767484664917,12.4166107177734,45.3657264709473,13.6057348251343,,False,0,6.38816169657423,False,0.025000000372529,True,False,False,False,False
9.76,0.424711853265762,6.51019859313965,16.8998908996582,8.8587532043457,12.4195289611816,45.4617347717285,13.6005239486694,,False,0,6.2881791826485,False,0.025000000372529,True,False,False,False,False
9.78,0.372172325849533,6.41019916534424,16.905237197876,8.72267913818359,12.4234571456909,45.5617332458496,13.5965957641602,,False,0,6.18819472981809,False,0,True,False,False,False,False
9.8,0.377422839403152,6.31020021438599,16.9105815887451,8.58660316467285,12.4273853302002,45.6617317199707,13.5926675796509,,False,0,6.08821051375777,False,0,True,False,False,False,False
9.82,0.38284906744957,6.21020078659058,16.9159278869629,8.45052909851074,12.4313135147095,45.7617301940918,13.5887393951416,,False,0,5.98823035985442,False,0,True,False,False,False,False
9.84,0.388459235429764,6.11020135879517,16.921272277832,8.31445503234863,12.4352416992188,45.8617286682129,13.5848112106323,,False,0,5.8882466537393,False,0,True,False,False,False,False
9.86,0.394263207912445,6.01020240783691,16.9266185760498,8.17838096618652,12.439169883728,45.9617309570313,13.5808820724487,,False,0,5.78826322246236,False,0,True,False,False,False,False
9.88,0.400288939476013,5.9102029800415,16.9319648742676,8.04230690002441,12.4430952072144,46.0617294311523,13.5769538879395,,False,0,5.68827998853756,False,0,True,False,False,False,False
9.9,0.406530380249023,5.81020355224609,16.9373092651367,7.9062328338623,12.4470233917236,46.1617279052734,13.5730257034302,,False,0,5.58829706127482,False,0,True,False,False,False,False
9.92,0.412999302148819,5.71020460128784,16.9426555633545,7.7701587677002,12.4509515762329,46.2617263793945,13.5690975189209,,False,0,5.48831445742926,False,0,True,False,False,False,False
9.94,0.419708281755447,5.60973024368286,16.9821128845215,7.64951992034912,12.4537124633789,20.2737236022949,13.5641689300537,,False,0,5.38833219500511,False,0.025000000372529,True,False,False,False,False
9.96,0.367961406707764,5.50929117202759,17.0215072631836,7.52841567993164,12.4563112258911,20.0675525665283,13.5595235824585,,False,0,5.28834769584704,False,0.025000000372529,True,False,False,False,False
9.98,0.315355032682419,5.40929269790649,17.0262794494629,7.39176988601685,12.4598035812378,20.1675300598145,13.5560312271118,,False,0,5.18836074216274,False,0,True,False,False,False,False
10,0.320566058158875,5.3092942237854,17.0310516357422,7.25512266159058,12.4632968902588,20.2675285339355,13.5525388717651,,False,0,5.08837398282323,False,0,True,False,False,False,False
10.02,0.325986057519913,5.20929622650146,17.0358238220215,7.11847496032715,12.4667892456055,20.3675231933594,13.5490455627441,,False,0,4.98838742951714,False,0,True,False,False,False,False
10.04,0.331627726554871,5.10929775238037,17.0405960083008,6.98182773590088,12.4702816009521,20.4674758911133,13.5455532073975,,False,0,4.88840109488708,False,0,True,False,False,False,False
10.06,0.337505102157593,5.00929927825928,17.0453701019287,6.84518051147461,12.4737739562988,20.5675239562988,13.5420608520508,,False,0,4.78841499263019,False,0,True,False,False,False,False
10.08,0.343633055686951,4.90930080413818,17.0501403808594,6.70853328704834,12.4772672653198,20.6674995422363,13.5385684967041,,False,0,4.6884291376133,False,0,True,False,False,False,False
10.1,0.350050210952759,4.80930233001709,17.0549125671387,6.57188558578491,12.4807596206665,20.7674980163574,13.5350751876831,,False,0,4.58844346341184,False,0,True,False,False,False,False
10.12,0.35675323009491,4.70930433273315,17.0596866607666,6.43523979187012,12.4842519760132,20.8675193786621,13.5315828323364,,False,0,4.48845807214843,False,0,True,False,False,False,False
10.14,0.363761752843857,4.60930585861206,17.0644588470459,6.29859256744385,12.4877443313599,20.967472076416,13.5280904769897,,False,0,4.38847298316098,False,0,True,False,False,False,False
10.16,0.37109711766243,4.50930738449097,17.0692310333252,6.16194486618042,12.4912366867065,21.0674686431885,13.5245981216431,,False,0,4.28848821759538,False,0,True,False,False,False,False
10.18,0.378782778978348,4.40930891036987,17.0740032196045,6.02529764175415,12.4947299957275,21.1674919128418,13.5211048126221,,False,0,4.1885037986089,False,0,True,False,False,False,False
10.2,0.386844277381897,4.30931091308594,17.0787792205811,5.88865041732788,12.4982223510742,21.2674655914307,13.5176124572754,,False,0,4.08851975163127,False,0,True,False,False,False,False
10.22,0.395335286855698,4.20931243896484,17.0835514068604,5.75200319290161,12.5017147064209,21.367488861084,13.5141201019287,,False,0,3.98853602859042,False,0,True,False,False,False,False
10.24,0.404263079166412,4.10931396484375,17.0883235931396,5.61535549163818,12.5052070617676,21.4674835205078,13.510627746582,,False,0,3.88855273895969,False,0,True,False,False,False,False
10.26,0.413662135601044,4.00931549072266,17.0930957794189,5.47870826721191,12.5087003707886,21.5674858093262,13.5071353912354,,False,0,3.7885699170566,False,0,True,False,False,False,False
10.28,0.423570811748505,3.90931701660156,17.0978698730469,5.34206104278564,12.5121927261353,21.6674346923828,13.5036420822144,,False,0,3.68858760091364,False,0,True,False,False,False,False
10.3,0.434031695127487,3.80931878089905,17.1026420593262,5.20541381835938,12.5156850814819,21.7674560546875,13.5001497268677,,False,0,3.58860583280533,False,0,True,False,False,False,False
10.32,0.445121318101883,3.70932030677795,17.1074142456055,5.06876659393311,12.5191774368286,21.8674583435059,13.496657371521,,False,0,3.48862459098959,False,0,True,False,False,False,False
10.34,0.45686537027359,3.60932207107544,17.1121864318848,4.93211936950684,12.5226707458496,21.9674530029297,13.4931650161743,,False,0,3.38864400039508,False,0,True,False,False,False,False
10.36,0.469323605298996,3.50905704498291,17.1517181396484,4.80524873733521,12.5251092910767,21.9275970458984,13.4888067245483,,False,0,3.28866412041877,False,0.025000000372529,True,False,False,False,False
10.38,0.42313539981842,3.40905857086182,17.1562023162842,4.66831207275391,12.5283842086792,22.0275955200195,13.4855318069458,,False,0,3.18868101376898,False,0,True,False,False,False,False
10.4,0.435312956571579,3.30905985832214,17.1606864929199,4.53137540817261,12.5316581726074,22.127592086792,13.4822568893433,,False,0,3.08869854368702,False,0,True,False,False,False,False
10.42,0.448305398225784,3.20906138420105,17.1651706695557,4.39443874359131,12.53493309021,22.2275772094727,13.4789819717407,,False,0,2.98871677406158,False,0,True,False,False,False,False
10.44,0.462232410907745,3.10906267166138,17.1696548461914,4.25750207901001,12.5382080078125,22.3275718688965,13.4757080078125,,False,0,2.88873571955355,False,0,True,False,False,False,False
10.46,0.477158188819885,3.0090639591217,17.1741390228271,4.12056541442871,12.541482925415,22.4275436401367,13.47243309021,,False,0,2.78875552569622,False,0,True,False,False,False,False
10.48,0.493194133043289,2.90906548500061,17.1786231994629,3.98362874984741,12.5447578430176,22.5275897979736,13.4691581726074,,False,0,2.68877628850073,False,0,True,False,False,False,False
10.5,0.510469138622284,2.80906677246094,17.1831073760986,3.84669208526611,12.5480327606201,22.6275672912598,13.4658832550049,,False,0,2.58879811880468,False,0,True,False,False,False,False
10.52,0.529132425785065,2.70906853675842,17.1875915527344,3.72237658500671,12.5513067245483,22.7275695800781,13.4626083374023,,False,0,2.4888211452565,False,0,True,False,False,False,False
10.54,0.549358308315277,2.60906958580017,17.1920757293701,3.5728223323822,12.5545816421509,22.8275527954102,13.4593334197998,,False,0,2.38884551803714,False,0,True,False,False,False,False
10.56,0.571395695209503,2.5090708732605,17.1965599060059,3.4358856678009,12.5578565597534,22.927547454834,13.4560594558716,,False,0,2.28887137125057,False,0,True,False,False,False,False
10.58,0.595446646213531,2.41291189193726,17.200870513916,3.30420684814453,12.5610055923462,23.0237274169922,13.4529104232788,,False,0,2.18889896279459,False,0,False,False,False,False,False
10.6,0.620656430721283,2.3233163356781,17.3109073638916,3.20182538032532,12.5611743927002,22.8487663269043,13.4477252960205,,False,0,2.09276712375325,False,0.0750000029802322,False,False,False,False,False
10.62,0.465438991785049,2.24099946022034,17.385763168335,3.10157752037048,12.5618200302124,22.8142585754395,13.4443550109863,,False,0,2.00365534094153,False,0.0500000007450581,False,False,False,False,False
10.64,0.362772762775421,2.16256356239319,17.4609889984131,3.00586152076721,12.5622816085815,22.8011169433594,13.4416656494141,,False,0,1.92159440004947,False,0.0500000007450581,False,False,False,False,False
10.66,0.255585789680481,2.09257650375366,17.4626865386963,2.90858292579651,12.5635023117065,22.8711051940918,13.4404449462891,,False,0,1.84336320978216,False,0,False,False,False,False,False
10.68,0.26316249370575,2.02679705619812,17.464282989502,2.81715273857117,12.5646505355835,22.9368858337402,13.4392967224121,,False,0,1.77338040537613,False,0,False,False,False,False,False
10.7,0.270707994699478,1.96826684474945,17.4657039642334,2.73579835891724,12.5656728744507,22.9954223632813,13.4382743835449,,False,0,1.70760578236276,False,0,False,False,False,False,False
10.72,0.277642220258713,1.91641700267792,17.4669609069824,2.663729429245,12.5665769577026,23.0472717285156,13.437370300293,,False,0,1.64907993204247,False,0,False,False,False,False,False
10.74,0.283866852521896,1.86824917793274,17.4681282043457,2.59677839279175,12.5674171447754,23.0954399108887,13.4365301132202,,False,0,1.59723437967777,False,0,False,False,False,False,False
10.76,0.289808571338654,1.82813477516174,17.5060234069824,2.54648327827454,12.567666053772,23.0963973999023,13.4353523254395,,False,0,1.54907044720417,False,0.025000000372529,False,False,False,False,False
10.78,0.235394969582558,1.79173445701599,17.506799697876,2.4957799911499,12.5682229995728,23.1327953338623,13.4347953796387,,False,0,1.50902555458869,False,0,False,False,False,False,False
10.8,0.238222971558571,1.76255631446838,17.5074214935303,2.4551362991333,12.5686693191528,23.1619720458984,13.4343490600586,,False,0,1.47262779823251,False,0,False,False,False,False,False
10.82,0.240051135420799,1.73865413665771,17.5451412200928,2.42705869674683,12.5686769485474,23.1507415771484,13.433536529541,,False,0,1.44345180247586,False,0.025000000372529,False,False,False,False,False
10.84,0.182461380958557,1.7226539850235,17.5454349517822,2.40472316741943,12.568886756897,23.1667404174805,13.4333267211914,,False,0,1.41960948044631,False,0,False,False,False,False,False
10.86,0.181462273001671,1.7104115486145,17.5456581115723,2.38763356208801,12.5690479278564,23.1789779663086,13.4331665039063,,False,0,1.4036106637696,False,0,False,False,False,False,False
10.88,0.179945021867752,1.70530045032501,17.5832653045654,2.38563680648804,12.5688600540161,23.1526336669922,13.432674407959,,False,0,1.39136956293352,False,0.025000000372529,False,False,False,False,False
10.9,0.119618304073811,1.70520770549774,17.6973304748535,2.40105319023132,12.5684871673584,23.0777969360352,13.4317474365234,,False,0,1.3863082609203,False,0.0750000029802322,False,False,False,False,False
10.92,359.943664550781,1.70518028736115,17.8136539459229,2.4167640209198,12.5686569213867,23.0278072357178,13.4313917160034,,False,0,1.38630931689301,False,0.0750000029802322,False,False,False,False,False
10.94,359.767761230469,1.70526242256165,17.9723415374756,2.43820524215698,12.5697145462036,22.9942741394043,13.4318199157715,,False,0,1.38631036704689,False,0.100000001490116,False,False,False,False,False
10.96,359.534210205078,1.70546686649323,18.1352710723877,2.46020889282227,12.5717334747314,22.9957160949707,13.4332666397095,,False,0,1.38631143570654,False,0.100000001490116,False,False,False,False,False
10.98,359.300628662109,1.70601332187653,18.3879222869873,2.4943253993988,12.5765590667725,23.0647315979004,13.4373569488525,,False,0,1.38631252289171,False,0.150000005960464,False,False,False,False,False
11,358.951599121094,1.70668995380402,18.6063537597656,2.52381873130798,12.5822277069092,23.1953582763672,13.4425296783447,,False,0,1.38631362858256,False,0.125,False,False,False,False,False
11.02,358.660003662109,1.70701611042023,18.6958103179932,2.53589558601379,12.5849180221558,23.2728042602539,13.44504737854,,False,0,1.38631475279884,False,0.0500000007450581,False,False,False,False,False
11.04,358.541473388672,1.70756280422211,18.8322887420654,2.5543155670166,12.5894002914429,23.4294376373291,13.4493083953857,,False,0,1.38631589552318,False,0.0750000029802322,False,False,False,False,False
11.06,358.365112304688,1.70818305015564,18.971586227417,2.57311654090881,12.5944271087646,23.6748943328857,13.4541473388672,,False,0,1.38631705676544,False,0.0750000029802322,False,False,False,False,False
11.08,358.188690185547,1.7086364030838,19.0660572052002,2.58586549758911,12.5980815887451,24.0212211608887,13.4576959609985,,False,0,1.38631820822093,False,0.0500000007450581,False,False,False,False,False
11.1,358.070037841797,1.70937550067902,19.2102241516113,2.60531902313232,12.6040143966675,50.3573684692383,13.4635038375854,,False,0,1.38631937731563,False,0.0750000029802322,False,False,False,False,False
11.12,357.893402099609,1.7099107503891,19.3080139160156,2.61851620674133,12.6082735061646,50.373722076416,13.4676971435547,,False,0,1.38632056405692,False,0.0500000007450581,False,False,False,False,False
11.14,357.774566650391,1.71018874645233,19.3574161529541,2.62518095970154,12.6104927062988,50.3822593688965,13.4698934555054,,False,0,1.38632176844229,False,0.025000000372529,False,False,False,False,False
11.16,357.713623046875,1.71138751506805,19.5585193634033,2.65231680870056,12.6199817657471,50.4188537597656,13.4793243408203,,False,0,1.38632299047416,False,0.100000001490116,False,False,False,False,False
11.18,357.478668212891,1.71271049976349,19.7653656005859,2.68021607398987,12.6304492950439,50.4593467712402,13.4897918701172,,False,0,1.38632423014505,False,0.100000001490116,False,False,False,False,False
11.2,357.243469238281,1.71416628360748,19.9781532287598,2.70891833305359,12.6418952941895,50.5037574768066,13.5013103485107,,False,0,1.38632545658864,False,0.100000001490116,False,False,False,False,False
11.22,357.007934570313,1.7153445482254,20.1417770385742,2.7309889793396,12.6511220932007,50.5396423339844,13.5106410980225,,False,0,1.38632669982345,False,0.0750000029802322,False,False,False,False,False
11.24,356.830322265625,1.71791970729828,20.4798603057861,2.77657914161682,12.67125415802,50.618091583252,13.5310745239258,,False,0,1.3863279598544,False,0.150000005960464,False,False,False,False,False
11.26,356.477325439453,1.71884286403656,20.595874786377,2.79222059249878,12.6784582138062,50.6462249755859,13.2795944213867,,False,0,1.38632923668149,False,0.0500000007450581,False,False,False,False,False
11.28,356.357482910156,1.72079050540924,20.8330764770508,2.82420206069946,12.6936178207397,50.7054901123047,12.4408283233643,,False,0,1.38633053029714,False,0.100000001490116,False,False,False,False,False
11.3,356.120391845703,1.72181141376495,20.954345703125,2.84054565429688,12.7015771865845,50.736629486084,12.060245513916,,False,0,1.38633184070631,False,0.0500000007450581,False,False,False,False,False
11.32,356.000213623047,1.72181141376495,20.954345703125,2.84054565429688,12.7015771865845,50.736629486084,12.060245513916,,False,0,1.38633316790895,False,0,False,False,False,False,False
11.34,355.997314453125,1.72181141376495,20.954345703125,2.84054565429688,12.7015771865845,50.736629486084,12.060245513916,,False,0,1.38633447809048,False,0,False,False,False,False,False
11.36,355.994445800781,1.72341251373291,21.1396598815918,2.86553239822388,12.7139844894409,50.7852172851563,11.5315246582031,,False,0,1.38633580424865,False,0.0750000029802322,False,False,False,False,False
11.38,355.8154296875,1.72395932674408,21.2023620605469,2.87398052215576,12.7182455062866,50.8019180297852,11.3655118942261,,False,0,1.38633714637099,False,0.025000000372529,False,False,False,False,False
11.4,355.753784179688,1.72508263587952,21.3291969299316,2.89107608795166,12.7269592285156,50.8360824584961,11.0475959777832,,False,0,1.38633850445247,False,0.0500000007450581,False,False,False,False,False
11.42,355.633270263672,1.72624051570892,21.4579639434814,2.90843224525452,12.7359285354614,50.8712615966797,10.7471647262573,,False,0,1.38633987850548,False,0.0500000007450581,False,False,False,False,False
11.44,355.512603759766,1.72928428649902,21.7886123657227,2.95299816131592,12.7594680786133,50.9636764526367,10.0637674331665,,False,0,1.38634126851503,False,0.125,False,False,False,False,False
11.46,355.214660644531,1.73253810405731,22.1322593688965,2.99930429458618,12.7846183776855,51.0625190734863,9.46304416656494,,False,0,1.38634267449105,False,0.125,False,False,False,False,False
11.48,354.915832519531,1.73321521282196,22.2026042938232,3.00878429412842,12.7898426055908,51.083065032959,9.35152530670166,,False,0,1.38634405976908,False,0.025000000372529,False,False,False,False,False
11.5,354.853698730469,1.73529529571533,22.4170036315918,3.03766942024231,12.8059062957764,51.1462631225586,9.03242015838623,,False,0,1.3863454602078,False,0.0750000029802322,False,False,False,False,False
11.52,354.672668457031,1.73529529571533,22.4170036315918,3.03766942024231,12.8059062957764,51.1462631225586,9.03242015838623,,False,0,1.38634687579969,False,0,False,False,False,False,False
11.54,354.669799804688,1.73819398880005,22.7109069824219,3.09393644332886,12.8282403945923,51.2341918945313,8.63987827301025,,False,0,1.38634830654719,False,0.100000001490116,False,False,False,False,False
11.56,354.428802490234,1.74045670032501,22.9375858306885,3.1077995300293,12.845682144165,51.302906036377,8.36751461029053,,False,0,1.38634975244778,False,0.0750000029802322,False,False,False,False,False
11.58,354.246856689453,1.74280047416687,23.1698417663574,3.13908505439758,12.8637266159058,51.3740119934082,8.11211490631104,,False,0,1.38635121351136,False,0.0750000029802322,False,False,False,False,False
11.6,354.064514160156,1.74772846698761,23.6518001556396,3.20400476455688,12.9016208648682,51.5234565734863,7.64626598358154,,False,0,1.38635268972044,False,0.150000005960464,False,False,False,False,False
11.62,353.701477050781,1.75119030475616,23.9866981506348,3.24910402297974,12.928240776062,51.6284980773926,7.36493873596191,,False,0,1.38635414165419,False,0.100000001490116,False,False,False,False,False
11.64,353.45751953125,1.75388288497925,24.2453765869141,3.28393864631653,12.9489240646362,51.7101516723633,7.16748523712158,,False,0,1.3863556079638,False,0.0750000029802322,False,False,False,False,False
11.66,353.273315429688,1.75480031967163,24.3330726623535,3.29575133323669,12.9559545516968,51.7379188537598,7.10406970977783,,False,0,1.38635708862135,False,0.025000000372529,False,False,False,False,False
11.68,353.209930419922,1.7557270526886,24.4215278625488,3.30766582489014,12.9630575180054,51.7659645080566,7.04179668426514,,False,0,1.38635858365212,False,0.025000000372529,False,False,False,False,False
11.7,353.146453857422,1.7566591501236,24.5107383728027,3.31967568397522,12.9702253341675,51.7942848205566,6.98062133789063,,False,0,1.38636009305349,False,0.025000000372529,False,False,False,False,False
11.72,353.082946777344,1.75760471820831,24.6007270812988,3.33179664611816,12.9774675369263,51.822883605957,6.92054605484009,,False,0,1.38636161682039,False,0.025000000372529,False,False,False,False,False
11.74,353.019378662109,1.75760471820831,24.6007270812988,3.33179664611816,12.9774675369263,51.822883605957,6.92054605484009,,False,0,1.38636315497298,False,0,False,False,False,False,False
11.76,353.016540527344,1.75760471820831,24.6007270812988,3.33179664611816,12.9774675369263,51.822883605957,6.92054605484009,,False,0,1.38636470748346,False,0,False,False,False,False,False
11.78,353.013793945313,1.75760471820831,24.6007270812988,3.33179664611816,12.9774675369263,51.822883605957,6.92054605484009,,False,0,1.38636623182504,False,0,False,False,False,False,False
11.8,353.011016845703,1.75760471820831,24.6007270812988,3.33179664611816,12.9774675369263,51.822883605957,6.92054605484009,,False,0,1.38636776976313,False,0,False,False,False,False,False
11.82,353.008270263672,1.75760471820831,24.6007270812988,3.33179664611816,12.9774675369263,51.822883605957,6.92054605484009,,False,0,1.38636932130288,False,0,False,False,False,False,False
